wavelength	aoi	alpha	beta
350.397168	65	-0.41633185857284805	-0.5482775503371274
351.986475	65	-0.4554788109653429	-0.6532547955460315
353.575781	65	-0.4785822285047198	-0.7378382341414353
355.165088	65	-0.49621817049635975	-0.8012050480075668
356.75437	65	-0.5034528371206326	-0.8468609499994699
358.343628	65	-0.49863413248456295	-0.8668117323106214
359.932886	65	-0.4866490762282257	-0.8555099765051506
361.522144	65	-0.4660315709785992	-0.8145946953382353
363.111377	65	-0.43313785868466115	-0.7563184062569667
364.70061	65	-0.3957447771331139	-0.6896471093621583
366.289819	65	-0.3555770079157471	-0.6161342746641402
367.879028	65	-0.31163349353077124	-0.5495677585285865
369.468213	65	-0.2605039694209677	-0.4906033868120407
371.057397	65	-0.2012504590664657	-0.45855319655933985
372.646582	65	-0.13305577899043078	-0.4576429989458242
374.235718	65	-0.04860843345547815	-0.4857473892046678
375.824878	65	0.05271734196537765	-0.543257102073389
377.414014	65	0.17729777095199428	-0.640418127667859
379.003125	65	0.30705263417191303	-0.7520992440067557
380.592236	65	0.4289762826751305	-0.8546839511829254
382.181323	65	0.4794063350701358	-0.871374973349194
383.77041	65	0.4202275420263495	-0.775106762766561
385.359473	65	0.2926862078265983	-0.6279266839339858
386.948535	65	0.1531581398695041	-0.49255603984299634
388.537573	65	0.03258001935358649	-0.3943551047635492
390.126587	65	-0.07419388032147717	-0.33225509379743884
391.715601	65	-0.16287773658833993	-0.30713738418644754
393.30459	65	-0.2389858135876145	-0.3056791784790082
394.893579	65	-0.3019158181404121	-0.32406734999017905
396.482544	65	-0.36121652832938644	-0.35239270539687617
398.071484	65	-0.41325202005979594	-0.39795314234157375
399.660425	65	-0.46137587664452634	-0.450103653851086
401.249341	65	-0.5042429110492562	-0.5068880321802891
402.838232	65	-0.5420037611368275	-0.564018235135383
404.4271	65	-0.5761480137239121	-0.613107645485148
406.015967	65	-0.6037934590751526	-0.6624215330932376
407.60481	65	-0.6272312865812758	-0.7024563037772943
409.193652	65	-0.6462088831858357	-0.7303398487803255
410.782471	65	-0.6570459318252887	-0.7459923442690461
412.37124	65	-0.6609670593773023	-0.750386846750798
413.96001	65	-0.662341103565001	-0.7391173101428482
415.548779	65	-0.6524717036234765	-0.7206345367376649
417.1375	65	-0.6402296224707635	-0.6871669033262647
418.726221	65	-0.6236376459128466	-0.6500182879058383
420.314893	65	-0.6026723036502596	-0.603656928446409
421.903564	65	-0.5751883567460081	-0.5551266803544294
423.492236	65	-0.5447666097096174	-0.5058767721126493
425.080859	65	-0.5133241127339458	-0.45954287912675884
426.669482	65	-0.4746137145086282	-0.412701798355768
428.258057	65	-0.43303991407651643	-0.3738811953988079
429.846582	65	-0.3881775391517943	-0.33737200553032537
431.435156	65	-0.34173895390059655	-0.31752702707312574
433.023633	65	-0.301051706516182	-0.3178846404666782
434.612158	65	-0.2412331957795587	-0.32956578233037453
436.200586	65	-0.14123011592590726	-0.33496907071072873
437.789063	65	-0.0330629708653302	-0.34373684185013453
439.377441	65	0.06810113588987586	-0.3732079491873416
440.965869	65	0.19205948763634972	-0.4295210644634372
442.554199	65	0.3396591661964318	-0.49988878427367256
444.142529	65	0.4924865996878318	-0.5773299035410372
445.730859	65	0.6303672665986556	-0.6493200385055116
447.319141	65	0.7136682565046858	-0.6901526717797103
448.907373	65	0.7085603765325441	-0.6632533581755009
450.495605	65	0.6053683955337585	-0.576553383614057
452.083789	65	0.4624153534109899	-0.4828410398465732
453.671973	65	0.31209781278338833	-0.3983322985977091
455.260107	65	0.16514427850480223	-0.3263670943582338
456.848193	65	0.039358001849793496	-0.2736810311239793
458.436279	65	-0.06318198597851536	-0.24140135864195938
460.024316	65	-0.15311167527681846	-0.21930653115379908
461.612305	65	-0.22423181084135488	-0.21134842923748326
463.200293	65	-0.29300655319737573	-0.21384262084552386
464.788232	65	-0.3484211832749429	-0.228691698791177
466.376172	65	-0.3961290718029176	-0.24614955526142154
467.964014	65	-0.44756862284674565	-0.27364235927769187
469.551855	65	-0.4894480506334454	-0.300307918837867
471.139697	65	-0.5259711852096196	-0.3342876032981893
472.727441	65	-0.56174132917313	-0.36743345728652305
474.315186	65	-0.5918182053051835	-0.40419373282419674
475.902881	65	-0.6193988418627747	-0.43578429510464545
477.490527	65	-0.64435015774202	-0.4715954913232489
479.078174	65	-0.6708423356304379	-0.5079322782631277
480.665771	65	-0.6928155327251847	-0.5394168217634678
482.25332	65	-0.7085825694685182	-0.5718541246615808
483.84082	65	-0.7253158839805091	-0.5961742650900601
485.428271	65	-0.7387450437461388	-0.6149010437655333
487.015723	65	-0.7476927720890216	-0.632313038023519
488.603125	65	-0.757841374285721	-0.6403832572746891
490.19043	65	-0.7615962436676091	-0.6461830353876618
491.777734	65	-0.7615164526555384	-0.6476587844992713
493.36499	65	-0.7596490196496432	-0.6427335764045475
494.952246	65	-0.7553398731313271	-0.6323064409874029
496.539404	65	-0.7489006230092172	-0.6168420957338214
498.126514	65	-0.7406573518182034	-0.5958633974121533
499.713623	65	-0.7291882107008615	-0.5741851559828123
501.300684	65	-0.7145919504872126	-0.5513947429184584
502.887646	65	-0.6957967257352855	-0.5231372190752177
504.474609	65	-0.6795432846972079	-0.49227238089504405
506.061523	65	-0.6604819578532292	-0.46416647857381815
507.64834	65	-0.6358814410389931	-0.43044687033102014
509.235156	65	-0.610883483174458	-0.3988035476131419
510.821924	65	-0.5859406153309537	-0.370972182025043
512.408643	65	-0.5577172657143533	-0.3400158501297904
513.995264	65	-0.5286278058459146	-0.3172860637307549
515.581885	65	-0.4974942966294792	-0.29180894249787165
517.168457	65	-0.46905200946734776	-0.2760804503998321
518.754932	65	-0.43023886392448774	-0.2647441030530344
520.341406	65	-0.38065511679974967	-0.2423464597904636
521.927783	65	-0.3338655929314977	-0.22661639593905322
523.51416	65	-0.2884483536128928	-0.2221652996975766
525.100439	65	-0.23472182698900337	-0.22100610717573602
526.68667	65	-0.17681432616075857	-0.22533047894917405
528.272852	65	-0.10755557047564089	-0.2338141632013862
529.858984	65	-0.02554158176009718	-0.2504135208812623
531.445068	65	0.07198526027323485	-0.2752309904096831
533.031055	65	0.1742237099595647	-0.3034683107945977
534.616992	65	0.2809267194761118	-0.34450659321040555
536.202881	65	0.3909269943687298	-0.38512261526944935
537.788721	65	0.5245683599189338	-0.4237148119277591
539.374512	65	0.652891275111674	-0.4639614949228653
540.960254	65	0.754583772364	-0.4985676597941089
542.545898	65	0.8443229876408971	-0.5052801791067335
544.131494	65	0.8629459960822101	-0.4991948481526083
545.716992	65	0.8166440129867277	-0.4916491451026506
547.30249	65	0.7299378016390715	-0.4398868816761768
548.887891	65	0.6186483654125788	-0.38659436692792765
550.473242	65	0.49548301596850947	-0.3359312199362085
552.058496	65	0.3770896664604785	-0.2859720513027328
553.643701	65	0.2600074465983912	-0.25297285933886854
555.228857	65	0.1526096498403777	-0.21587418941354797
556.813965	65	0.06300072884613037	-0.19005855457874143
558.398975	65	-0.0208328022203	-0.17420796127735644
559.983936	65	-0.10133442888569427	-0.16044164458051155
561.568799	65	-0.16750916319078404	-0.15362506384309094
563.153613	65	-0.2283291540767166	-0.14880790524255108
564.73833	65	-0.2789418304293527	-0.14804977096076263
566.322998	65	-0.3221570765187022	-0.155018906384936
567.907617	65	-0.36533560720894853	-0.16330655511047557
569.492139	65	-0.4011395404151676	-0.1738467916233452
571.076611	65	-0.43665266143916676	-0.18507867445495424
572.660986	65	-0.46895770251065727	-0.2000945261833147
574.245313	65	-0.4996049932056954	-0.2182374123287632
575.829541	65	-0.5254755119252023	-0.2394136015960437
577.413672	65	-0.5514524168655797	-0.25872604805895005
578.997803	65	-0.5742930632114842	-0.2751851700662379
580.581787	65	-0.5993843545353682	-0.3001469427802317
582.165723	65	-0.6250780997916633	-0.32103511838895915
583.749609	65	-0.6437133862893316	-0.3423668983570115
585.333398	65	-0.6626470278639194	-0.3669230330147156
586.91709	65	-0.6798064216484535	-0.3883684391739498
588.500684	65	-0.6955400769644027	-0.4120268480812696
590.084229	65	-0.7127675100092764	-0.4345735409225676
591.667725	65	-0.7287001087781687	-0.4496059324859237
593.251123	65	-0.7405894277432482	-0.47118359285314443
594.834424	65	-0.7525721798157985	-0.491117052113588
596.417627	65	-0.7641675688067145	-0.5076172208303629
598.000781	65	-0.7730360960658257	-0.5260596821260647
599.583838	65	-0.7817804497226843	-0.5381239508325252
601.166797	65	-0.7921564688675996	-0.5459661244417515
602.749707	65	-0.7975716951653379	-0.5598002712248122
604.33252	65	-0.8033008443258618	-0.5670761246803337
605.915234	65	-0.8057179220827233	-0.5755612455937898
607.497852	65	-0.8094572589927409	-0.5798318152348312
609.08042	65	-0.8123605614128568	-0.581473322789123
610.662891	65	-0.8119953179802547	-0.5836294863452621
612.245264	65	-0.8128143346372548	-0.5798496846162537
613.827539	65	-0.8082598209853848	-0.5809610654457809
615.409717	65	-0.8076253056616959	-0.5726310789573382
616.991846	65	-0.8025552682756448	-0.568145557445915
618.573877	65	-0.7985384879264072	-0.5590513134959981
620.155762	65	-0.7922573543504391	-0.5481006350847465
621.737598	65	-0.7860055800246738	-0.5342328424064947
623.319385	65	-0.7800178307749435	-0.518023611585153
624.901025	65	-0.7693455707707229	-0.508112209863958
626.482568	65	-0.7601346525743546	-0.4924533041689269
628.064063	65	-0.7505433444023217	-0.47580920522691517
629.64541	65	-0.7402408695216259	-0.4574146562842984
631.226709	65	-0.7280708084371158	-0.4407750164159401
632.807861	65	-0.7166941318069491	-0.4232264811302445
634.388965	65	-0.7018791553173337	-0.4042375591670033
635.969971	65	-0.6880180449506139	-0.38652020881642557
637.55083	65	-0.6726965947913942	-0.3765264044163093
639.131641	65	-0.6589692074660096	-0.3547860027466924
640.712354	65	-0.6461926863277374	-0.3376115730061423
642.29292	65	-0.6279461332008176	-0.31844012796949905
643.873438	65	-0.6073021299677017	-0.29827373765753523
645.453857	65	-0.5871709190131836	-0.280902320898412
647.034131	65	-0.569003356852206	-0.2642304128099555
648.614355	65	-0.5494410337938862	-0.2528963145241475
650.194434	65	-0.5299435380357693	-0.24348065079742492
651.774414	65	-0.506147957079233	-0.2266859939682398
653.354346	65	-0.48282303839311336	-0.21046933355586053
654.934131	65	-0.45643157229233333	-0.20181784278664108
656.513818	65	-0.42844445832866274	-0.1912560060465382
658.093408	65	-0.40045369171549255	-0.18087691268463296
659.6729	65	-0.36736585200796557	-0.17024357537669374
661.252246	65	-0.33195053734140784	-0.16425443108271723
662.831543	65	-0.3050022621013587	-0.16272543121392682
664.410693	65	-0.26568887715106476	-0.15957344545653435
665.989746	65	-0.2215168751476254	-0.1595434125409678
667.568701	65	-0.18154560706581063	-0.16424132534527353
669.147559	65	-0.14215942169271173	-0.16925415770932442
670.72627	65	-0.0906840987290369	-0.17302992210883678
672.304883	65	-0.03658887235288302	-0.1719533204695716
673.883447	65	0.02051316113403646	-0.18690169851490818
675.461816	65	0.09120643145905775	-0.19931031411004163
677.040137	65	0.14992133783036624	-0.2054501178695149
678.618311	65	0.22374750694166848	-0.22576122992973874
680.196387	65	0.31551220659632395	-0.24772340376755306
681.774365	65	0.401105390810921	-0.2659086512513767
683.352246	65	0.47281909117146365	-0.28646999973315884
684.92998	65	0.5616619968869124	-0.30520133485080525
686.507617	65	0.643970915086966	-0.32197584525584466
688.085107	65	0.7172525589587119	-0.34691610521382976
689.662549	65	0.7926946646643607	-0.36194875974739465
691.239795	65	0.856024408984484	-0.3761682498418922
692.816992	65	0.8953753726180588	-0.3871792182462757
694.394043	65	0.9203038006845495	-0.38157862444966584
695.970996	65	0.924465470166298	-0.37310513620949237
697.547852	65	0.9039615018169362	-0.3580148148996565
699.124561	65	0.8572768765264154	-0.3566296376270046
700.701172	65	0.8035272455742059	-0.3235687987953318
702.277637	65	0.7364664395478038	-0.30099154057315464
703.854004	65	0.6529348472337471	-0.28691932046271035
705.430225	65	0.5695341929967278	-0.2578396457005656
707.006396	65	0.4992942056949333	-0.22925926602546867
708.582373	65	0.42660656211412423	-0.20674726996895135
710.158301	65	0.3358216862483791	-0.1809420767975031
711.734033	65	0.2845794845027389	-0.16904239481389272
713.309717	65	0.21005910551021553	-0.1627675398720787
714.885254	65	0.13382038485788617	-0.13537463242066655
716.460645	65	0.08568718769228119	-0.12736986855535004
718.035938	65	0.030669595820047624	-0.11932479390328199
719.611133	65	-0.02145386093191848	-0.11500641229255044
721.186182	65	-0.0723904432413648	-0.10466314049234059
722.761084	65	-0.10935316986104428	-0.10638678806030201
724.335937	65	-0.16046996993126217	-0.09569379094509099
725.910596	65	-0.19357344055678363	-0.08956031734651902
727.485156	65	-0.22232938633585747	-0.09572865005360831
729.059619	65	-0.26987155884762704	-0.10613715226332461
730.633936	65	-0.3061496005987389	-0.1045464310805339
732.208105	65	-0.33027213821327595	-0.10938853106485018
733.782178	65	-0.35221290267265387	-0.1171986996066621
735.356152	65	-0.37880352631037584	-0.12435745414963749
736.92998	65	-0.4014920353391646	-0.13050483266174612
738.503662	65	-0.4256231950146722	-0.13433671861208982
740.077246	65	-0.4481720979474852	-0.1386634029759724
741.650684	65	-0.4647605753619735	-0.15067951783663847
743.224023	65	-0.48657158827964925	-0.16219048131713842
744.797217	65	-0.5056580057951843	-0.1719138513894246
746.370264	65	-0.523195344550072	-0.18331207190947252
747.943213	65	-0.5438188371405268	-0.18687405497014348
749.516016	65	-0.5574939464043027	-0.20569266410850273
751.088721	65	-0.5777030634975046	-0.21413375929075348
752.661279	65	-0.5908891443855209	-0.22402332002721978
754.23374	65	-0.6067486407581254	-0.2430148396489216
755.806055	65	-0.6216353911906748	-0.2505627599671103
757.378223	65	-0.6332925118575293	-0.2608938143976126
758.950293	65	-0.6469073086077418	-0.27727839312122754
760.522217	65	-0.6554036509935993	-0.29157341970806366
762.093994	65	-0.6699470729598684	-0.30367748275510825
763.665674	65	-0.6789417897078105	-0.3140646410868729
765.237256	65	-0.6917687203933635	-0.32528824849996285
766.808643	65	-0.701616769530537	-0.33737921754736855
768.379932	65	-0.7093103846996792	-0.34794723967335994
769.951123	65	-0.7202736244443588	-0.3595788244646763
771.522119	65	-0.728647993377846	-0.38244753400596215
773.093018	65	-0.7391368940429565	-0.3872283516903518
774.663818	65	-0.7502461654387805	-0.3942842409275792
776.234473	65	-0.7579675075885833	-0.4081953861153469
777.80498	65	-0.7693446341920417	-0.41647110210211075
779.375342	65	-0.7782571333222943	-0.4300399121342588
780.945605	65	-0.7782966525328225	-0.445288359105714
782.515723	65	-0.7845986119241978	-0.4546308471557839
784.085742	65	-0.7935586955267923	-0.4660129204902299
785.655615	65	-0.8019108242098228	-0.4731083441412618
787.225342	65	-0.8090776400224179	-0.47345570479375293
788.794971	65	-0.8116749413339384	-0.48555879902647575
790.364453	65	-0.8130754619726237	-0.49732000168944235
791.933789	65	-0.8184282535015385	-0.5008049004108641
793.503027	65	-0.8226563552506727	-0.509830158546261
795.07207	65	-0.8285541943246731	-0.511450563507088
796.641064	65	-0.8283355063161318	-0.5206783306782069
798.209863	65	-0.8307542515236959	-0.5281486656450047
799.778564	65	-0.8348422715381312	-0.5302700453320547
801.347168	65	-0.8385809934824093	-0.5312550362019813
802.915625	65	-0.8434099755422534	-0.52792079203468
804.483936	65	-0.834798841461128	-0.5440228814457726
806.0521	65	-0.8428721310649572	-0.5352185400781269
807.620166	65	-0.8436154982000379	-0.5364679008800393
809.188086	65	-0.8470225750296527	-0.5315393448269603
810.755859	65	-0.8407424902079705	-0.5409720100038083
812.323535	65	-0.8381304771689604	-0.5437932850593084
813.891064	65	-0.8403425712923105	-0.5367401729217416
815.458496	65	-0.8381772946412932	-0.5353703503539705
817.025781	65	-0.8381910778687439	-0.5309951198127845
818.59292	65	-0.8373843550629051	-0.5279807672445042
820.159961	65	-0.8364655396045314	-0.5190525796888911
821.726855	65	-0.8340046368779752	-0.5085118228700388
823.293555	65	-0.8273313976830103	-0.5127706244527823
824.860254	65	-0.8235535469710883	-0.5144610369801674
826.426758	65	-0.8203784499040632	-0.5085507803951751
827.993066	65	-0.8187889689227694	-0.5031098769221748
829.559375	65	-0.819111558584256	-0.49243641617054346
831.125488	65	-0.8127493424891932	-0.4869666757778955
832.691504	65	-0.8097641230447028	-0.47299314199628634
834.257324	65	-0.8028770356275892	-0.4763219975261343
835.823145	65	-0.8006884618451375	-0.46453085610008454
837.38877	65	-0.7919954247690073	-0.4565573806438892
838.954199	65	-0.7840743735736918	-0.45380842748908196
840.519531	65	-0.7817254654307965	-0.44017973885463785
842.084863	65	-0.7753939599041842	-0.4350483225153392
843.649902	65	-0.7734628238346585	-0.42008939946726115
845.214941	65	-0.7591378103528805	-0.41886277504677716
846.779785	65	-0.7483011988317738	-0.40851403258468033
848.344531	65	-0.7436284960828823	-0.39644591241596583
849.90918	65	-0.7374103752414178	-0.39688020997014745
851.473633	65	-0.7284415462603728	-0.37094183884474197
853.037988	65	-0.717261753131081	-0.36346296683612717
854.602246	65	-0.7143507987339675	-0.35090617608065705
856.166406	65	-0.7062143101689858	-0.34735232874677535
857.730371	65	-0.7040925860734746	-0.34165652120581097
859.294238	65	-0.6914325896009222	-0.3416772581593538
860.858008	65	-0.6809859144908239	-0.3233489760644977
862.421582	65	-0.6740752349517335	-0.3090767998098491
863.985156	65	-0.6689488980636822	-0.3079421376455913
865.548535	65	-0.6541614078004571	-0.3021441508743473
867.111816	65	-0.6459997401885694	-0.2882035949523084
868.675	65	-0.6377734643819597	-0.25883794597764376
870.237988	65	-0.6239049669767155	-0.2620314744822493
871.800879	65	-0.615849329027433	-0.2511624319269412
873.363672	65	-0.6058130075082337	-0.2402609238640239
874.926367	65	-0.5995047750678066	-0.24257970077860033
876.488965	65	-0.5894966346242337	-0.2513404603758009
878.051367	65	-0.5766395225877977	-0.23593464992536606
879.613672	65	-0.5571123238869918	-0.20068715955598196
881.175879	65	-0.5481799599434892	-0.18879208289181257
882.737988	65	-0.5427894288469508	-0.18501961178570484
884.3	65	-0.5444673249913856	-0.20259813502917362
885.861914	65	-0.5292026956430365	-0.1959048548206997
887.423633	65	-0.5050543153009698	-0.17964652625080457
888.985254	65	-0.49409680109981136	-0.17025098317188617
890.546777	65	-0.48557244110559694	-0.1648858379424276
892.108203	65	-0.478965546491328	-0.15882111191718382
893.669531	65	-0.4553302017252407	-0.15885361671321546
895.230762	65	-0.4321174173087032	-0.15637526182927833
896.791797	65	-0.42188691886802915	-0.15106270013864245
898.352832	65	-0.41235477233392254	-0.13896102602576085
899.913672	65	-0.4023696729644295	-0.15414409226424913
901.474414	65	-0.3737650510087161	-0.1398903660158394
903.035059	65	-0.33440677032332655	-0.1079231893681282
904.595605	65	-0.3275958472147301	-0.11901895456655617
906.156055	65	-0.3260501805893801	-0.12746220399806435
907.716406	65	-0.30422330190545216	-0.13357866634552037
909.27666	65	-0.2947289042375338	-0.1340026701678285
910.836816	65	-0.2613760204445615	-0.1278484622040521
912.396777	65	-0.22940686609488645	-0.11731669677056303
913.956738	65	-0.1946443112506404	-0.10800663400664096
915.516602	65	-0.18165716710607846	-0.12004591871993636
917.07627	65	-0.15590863680831699	-0.11946252474688356
918.635938	65	-0.12552591995377932	-0.1159764561732774
920.195508	65	-0.10611825792883839	-0.11903877772847807
921.754883	65	-0.07119087506093005	-0.12354267380020681
923.314258	65	-0.04841479054277793	-0.13380504884586503
924.873437	65	-0.03652085000536507	-0.12280174925896169
926.432617	65	-0.023477861739662396	-0.14620380779361689
927.991699	65	0.014922325401536051	-0.15918426527473623
929.550684	65	0.0936984441781414	-0.15555454201037738
931.109473	65	0.10469002718753655	-0.15642185378330145
932.668262	65	0.13413575900478766	-0.16565318359495573
934.226953	65	0.20347552035378358	-0.15385043611997504
935.785547	65	0.2377611634531628	-0.17852732304639402
937.344043	65	0.2909292658542842	-0.17335909006243783
938.902539	65	0.3409152852929274	-0.19370714445786072
940.46084	65	0.39728929141111197	-0.18773335222559095
942.019141	65	0.4412920484009699	-0.18766850320431055
943.577246	65	0.44026402215451554	-0.23161851083848417
945.135352	65	0.45773553541980755	-0.23069572068202754
946.693359	65	0.5309859835925788	-0.2272501750703933
948.25127	65	0.596377704963908	-0.22913883663586668
949.809082	65	0.6211095084064957	-0.2259529800060278
951.366895	65	0.63739330092306	-0.26054761273025995
952.924609	65	0.701027789891467	-0.27398532705363526
954.482227	65	0.755884230848239	-0.2714274125795655
956.039746	65	0.7705484860647732	-0.2853172112121765
957.597168	65	0.7795788339984601	-0.32020758311008346
959.15459	65	0.8428200398645844	-0.31184651928052787
960.711914	65	0.8680166580099047	-0.3077099946977293
962.269141	65	0.8930466651434441	-0.3262331492200812
963.826367	65	0.9021204193932308	-0.3429189512291051
965.383398	65	0.9301041122966024	-0.33084061301036516
966.940527	65	0.944526929557067	-0.31967850917942264
968.497461	65	0.9499641686818009	-0.31229547977144395
970.054395	65	0.9300829816696802	-0.3527801506806488
971.61123	65	0.9245225274573143	-0.3120227403804458
973.168066	65	0.9190667345036264	-0.2716331702315418
974.724707	65	0.8856678215572896	-0.2647305345312844
976.281445	65	0.8561613723847646	-0.260035108776912
977.838086	65	0.8404103030303104	-0.26132648628527927
979.394629	65	0.8232552992114955	-0.24677023293249567
980.951074	65	0.8043342180571795	-0.231048434787686
982.50752	65	0.7730631546124873	-0.22747234356094648
984.063965	65	0.7269395071646488	-0.2561198165869573
985.620313	65	0.6659869744887453	-0.24467957059521236
987.176563	65	0.6284828439221651	-0.21764922701565542
988.732812	65	0.5724545934361879	-0.18119737195937838
