wavelength	n	k
206.66666666666666	1.0923179252575637	3.0105246137241575
207.35785953177256	1.1013664096762263	3.021292433440216
208.05369127516778	1.110499261342481	3.0326899956049242
208.75420875420875	1.1197682300359184	3.044647908871857
209.45945945945945	1.1291994989397185	3.057121441553428
210.16949152542372	1.1388385881119003	3.070057545026266
210.8843537414966	1.148719746558018	3.0834326741688907
211.6040955631399	1.1588393779919024	3.0971936820264663
212.3287671232877	1.169245158824643	3.111323551390126
213.05841924398624	1.1799031749174362	3.1258073360621967
213.79310344827587	1.1908603099194999	3.1406286437179367
214.53287197231833	1.2021103586868396	3.1557834707822083
215.2777777777778	1.2136608702068374	3.1712730421506152
216.02787456445992	1.2255411445319337	3.1871226987583396
216.7832167832168	1.237803571989013	3.203335399677773
217.5438596491228	1.2504646691555383	3.2199630259998746
218.3098591549296	1.2636197532194606	3.2370101761851804
219.08127208480565	1.2773510833081643	3.2545085327939365
219.8581560283688	1.291790806804101	3.27243387840665
220.6405693950178	1.3070884749694442	3.2907871826354778
221.42857142857144	1.3234255884085098	3.3094796098562704
222.22222222222223	1.3409920119052021	3.3283568883149477
223.02158273381298	1.3599272121923538	3.3472379692010645
223.82671480144404	1.3803949891260554	3.3658119861341516
224.6376811594203	1.402427152731725	3.3837408173084436
225.45454545454547	1.4260133497865397	3.4006343634341856
226.2773722627737	1.4510203270841797	3.4160444946767714
227.1062271062271	1.4771408806520958	3.429598399418458
227.94117647058823	1.5039657117990701	3.4409029138101648
228.78228782287823	1.5309844692492127	3.4497410692807504
229.62962962962962	1.5575797921138592	3.4560027211796944
230.48327137546468	1.5831973666689712	3.4597707874695347
231.34328358208953	1.6069733597095397	3.4611650320110665
232.20973782771537	1.628701497309383	3.460732374416985
233.08270676691728	1.647644449955167	3.4588773082415143
233.9622641509434	1.6635140585941064	3.456237697719912
234.84848484848484	1.6762636041636174	3.453514104596013
235.74144486692015	1.6859610732996133	3.451443863179812
236.64122137404578	1.6926231737494057	3.4505612888794643
237.54789272030652	1.696538028112985	3.451440464622488
238.46153846153845	1.698303046141501	3.4546249053310407
239.3822393822394	1.6982219142394717	3.46038403504628
240.31007751937983	1.6966618574751233	3.4688703432977914
241.24513618677045	1.694245031040182	3.4803112253366577
242.1875	1.6912874636804875	3.494674989867123
243.1372549019608	1.6882165573520103	3.5119901970987155
244.09448818897638	1.6852490211929791	3.53211894808653
245.05928853754943	1.682812293439304	3.555060789206065
246.03174603174602	1.680972277970738	3.580665831839957
247.01195219123508	1.6799981677221016	3.608932507480518
248	1.680008721573109	3.6395644388527746
248.99598393574294	1.681153781467117	3.6727752499902833
250	1.6835943131561553	3.7084349544372146
251.01214574898785	1.6874317704409418	3.746521850983049
252.03252032520325	1.6929198520177864	3.786948326206198
253.0612244897959	1.6999829168440057	3.829744367129672
254.0983606557377	1.709071979738957	3.874909938557132
255.1440329218107	1.7202463652539415	3.9224032884405697
256.198347107438	1.7335566328745025	3.9721805849411207
257.26141078838174	1.749403730335388	4.024228300147914
258.33333333333337	1.7678662189081369	4.078645727193838
259.41422594142256	1.7892013169742091	4.135364718215583
260.5042016806723	1.813543586553816	4.194274709688253
261.6033755274261	1.8412092222252612	4.255355613812711
262.7118644067797	1.8725419998086144	4.3187282319043
263.82978723404256	1.9076497157621006	4.384190625194943
264.95726495726495	1.946876603919373	4.452002752794368
266.09442060085837	1.9906418555248628	4.521908335754659
267.2413793103448	2.039305857949418	4.594210311061827
268.3982683982684	2.093523549768767	4.668922879362693
269.5652173913044	2.1540519857152254	4.7459393124189555
270.7423580786026	2.2215805810157536	4.82539327702378
271.9298245614035	2.2976562877531244	4.906956736782123
273.12775330396477	2.3833962208198702	4.990148048446904
274.3362831858407	2.4805140968933794	5.073948185081
275.55555555555554	2.590505002180951	5.156909555763463
276.7857142857143	2.7150463768694433	5.236742959946754
278.0269058295964	2.8549061045520654	5.310507401916379
279.27927927927925	3.0104669680574316	5.374747562980508
280.5429864253394	3.180940922171709	5.425438705795744
281.8181818181818	3.3643347921891276	5.458731408847138
283.10502283105023	3.5574297888467483	5.471225338310808
284.4036697247706	3.7558809417199592	5.460370101776546
285.7142857142857	3.954822009112206	5.425275764766092
287.037037037037	4.1496769359245524	5.366080382601828
288.37209302325584	4.336025300203524	5.283986696047318
289.7196261682243	4.509995343414733	5.180604018608503
291.0798122065728	4.667441331313364	5.058231764288016
292.45283018867923	4.804547623842003	4.920546501128288
293.8388625592417	4.918510695516056	4.772582892093738
295.23809523809524	5.00829003423363	4.620039942143779
296.6507177033493	5.074834903682449	4.468618276339304
298.0769230769231	5.120437118827974	4.322970771109993
299.5169082125604	5.148573959070354	4.186790395042171
300.97087378640776	5.163134900602551	4.0622607008684355
302.4390243902439	5.167903277448758	3.9503448311591245
303.921568627451	5.166574237274983	3.8509076007187675
305.4187192118227	5.161985481354803	3.7629900491122443
306.9306930693069	5.156409328517724	3.6853164264720344
308.4577114427861	5.151288734670361	3.616182466074101
310	5.147516033136853	3.5541414309789303
311.5577889447236	5.145580395261738	3.497856143997626
313.1313131313131	5.145515330644491	3.446204871724472
314.7208121827411	5.147321237259115	3.3983695972537635
316.3265306122449	5.150929817643268	3.3536663498753883
317.94871794871796	5.156215883469405	3.3117310031073144
319.5876288659794	5.163130608795388	3.2721426746827276
321.2435233160622	5.171512736368817	3.2347401723206297
322.9166666666667	5.181525476717771	3.1992508913611823
324.60732984293196	5.192944723224185	3.165544960739289
326.3157894736842	5.205914209296484	3.1334554017178924
328.04232804232805	5.220397276937811	3.102828988046184
329.7872340425532	5.236330099531818	3.073622115885897
331.5508021390374	5.253832432764127	3.0457766220726397
333.3333333333333	5.272881140970676	3.0193170629803388
335.1351351351351	5.293563393854637	2.9942968130694423
336.95652173913044	5.31586028159663	2.9709208224819137
338.7978142076503	5.34023264443864	2.9495905981556323
340.65934065934067	5.366827927191368	2.93050200479051
342.5414364640884	5.396487852281892	2.91411755765378
344.44444444444446	5.430108170676586	2.9010471808036176
346.36871508379886	5.469120841350985	2.8914153588337506
348.314606741573	5.515348593306978	2.8854930437783515
350.2824858757062	5.5714955796290395	2.8829781466091497
352.27272727272725	5.6406989464727815	2.882444206700131
354.2857142857143	5.72648843611966	2.8816088924439747
356.32183908045977	5.83267465580191	2.8761247609298732
358.3815028901734	5.962330585034432	2.8597877552778344
360.4651162790698	6.117999434113466	2.823635436066896
362.5730994152047	6.299693602833626	2.7546577808473622
364.70588235294116	6.500795122508779	2.634831536329019
366.8639053254438	6.70104466864541	2.4458126770423516
369.04761904761904	6.864184461481076	2.181978075333996
371.25748502994014	6.951627272600685	1.8641678403957185
373.49397590361446	6.945017993377467	1.5359931407193135
375.75757575757575	6.857402763462032	1.2413591987562316
378.0487804878049	6.721216142673645	1.0028691023941223
380.3680981595092	6.566891400026522	0.8197942789153255
382.71604938271605	6.412137153313581	0.6808104529928961
385.0931677018633	6.264284116205562	0.5746785958649296
387.5	6.12620078492037	0.4932910471100876
389.93710691823895	5.9991236769395675	0.4306795690730087
392.40506329113924	5.88335889697932	0.3819841759362774
394.9044585987261	5.778392218140569	0.34324426676564773
397.4358974358974	5.683215351347932	0.3113466392893801
400	5.596399622597393	0.28405762761848397
402.5974025974026	5.516572386299108	0.2599440195077412
405.2287581699346	5.442398521336297	0.23812111423288437
407.89473684210526	5.3728568135572	0.21815210058129192
410.5960264900662	5.307251725343	0.19980209247215594
413.3333333333333	5.2448525217054085	0.18296987303810217
416.10738255033556	5.185373180954697	0.1676157085843503
418.9189189189189	5.128413152834111	0.15369276548329813
421.7687074829932	5.073945880884048	0.14116232549866972
424.6575342465754	5.021641799573492	0.12994754027565966
427.58620689655174	4.971558931605838	0.11999254322573623
430.5555555555556	4.9235518914781	0.11119005386082605
433.5664335664336	4.877469130494367	0.10346554462946532
436.6197183098592	4.833358279777059	0.09670708706939993
439.7163120567376	4.791059106605013	0.09081499316094918
442.8571428571429	4.7505097340772	0.08568975179230807
446.04316546762595	4.7117511406385715	0.0812330678288204
449.2753623188406	4.674503601552664	0.07735580733746239
452.5547445255474	4.638908461963585	0.07397106513603402
455.88235294117646	4.604676086701492	0.07100608030698506
459.25925925925924	4.5719445408208905	0.06838774994061454
462.68656716417905	4.540414494786252	0.06605894689668293
466.16541353383457	4.5102207800882494	0.06396471792992099
469.6969696969697	4.481166315744661	0.0620608521096091
473.28244274809157	4.453160401799637	0.06031222227959555
476.9230769230769	4.426222300506468	0.058684354821106094
480.62015503875966	4.400257521977713	0.05715120052496135
484.375	4.375283050313164	0.055693539640260234
488.18897637795277	4.35108582907679	0.05429449320932249
492.06349206349205	4.327678674467079	0.05294062180533655
496	4.305074307582892	0.05162164091071294
500	4.283051869917922	0.05033210116226744
504.0650406504065	4.261854886898243	0.049061970796510736
508.1967213114754	4.241259917944955	0.0478089067689668
512.396694214876	4.221157292826231	0.04657135149502304
516.6666666666667	4.201792018107693	0.045344938345095946
521.0084033613446	4.1828157389856555	0.044130559775698616
525.4237288135594	4.164353810740215	0.04292622772323672
529.9145299145299	4.146533648157169	0.04172883055630977
534.4827586206897	4.129000350055245	0.040544922694839794
539.1304347826087	4.112000707150624	0.03936769751000589
543.859649122807	4.0954193110042585	0.03820121655910034
548.6725663716815	4.079261256703198	0.03704592338911796
553.5714285714286	4.063531567019063	0.035899807247473915
558.5585585585585	4.048111738374916	0.03476559173648457
563.6363636363636	4.03300530763955	0.03364240551408215
568.8073394495412	4.018340236443592	0.032530844156618124
574.074074074074	4.0039965025360456	0.031432345138230844
579.4392523364486	3.9898522453479255	0.03034698844829741
584.9056603773585	3.976161087590517	0.029274467868840588
590.4761904761905	3.962675384355381	0.028217047614213044
596.1538461538462	3.9495238151299588	0.027172896030884734
601.9417475728155	3.9367097206352213	0.026142389788244614
607.843137254902	3.9241089964786746	0.025127997231590933
613.8613861386139	3.911723694002855	0.024130027421076478
620	3.899684060522439	0.023146746915675084
626.2626262626262	3.8877361033902216	0.022181289497710963
632.6530612244898	3.876138640842841	0.02123118072528465
639.1752577319588	3.8647654573362913	0.02029877384953246
645.8333333333334	3.8536185207970104	0.019383081017717314
652.6315789473684	3.8426997958657485	0.018485701140739913
659.5744680851064	3.832011215858906	0.01760563740544011
666.6666666666666	3.821423870402213	0.01674506732833357
673.9130434782609	3.811069787704072	0.015903670983806288
681.3186813186813	3.8009508572961788	0.01508043701483802
688.8888888888889	3.7910689514149802	0.014275656996363188
696.629213483146	3.781293696377061	0.013491414340239863
704.5454545454545	3.771758473908964	0.012727352594837397
712.6436781609195	3.7623322024607995	0.011983391570387142
720.9302325581396	3.7531489146927033	0.011259478629965838
729.4117647058823	3.74407684757587	0.010556540800058516
738.0952380952381	3.7352506615380108	0.009874437713032645
746.9879518072289	3.726537922629278	0.00921351149858107
756.0975609756098	3.7180738981697266	0.008573928564369969
765.4320987654321	3.709590719540228	0.00795653812823865
775	3.7013584238140687	0.007360811053800903
784.8101265822785	3.693378678596604	0.006787010534664844
794.8717948717948	3.6853817829182725	0.00623585325857062
805.1948051948052	3.6776395380809412	0.005707193372948111
815.7894736842105	3.670017309756943	0.00520133786543769
826.6666666666666	3.6625158382349587	0.004718614406930144
837.8378378378378	3.6551358579025606	0.004259075614498545
849.3150684931508	3.6478780975548823	0.0038229073524852597
861.1111111111112	3.640743280022994	0.003410429971352381
873.2394366197184	3.6338697183442097	0.0030215722771643125
885.7142857142858	3.626983189696189	0.002656753421865146
898.5507246376812	3.6202217286487883	0.0023161564756222345
911.7647058823529	3.6137243944371105	0.001999737448467818
925.3731343283581	3.6073540048696455	0.0017077614206325248
939.3939393939394	3.6009723791331285	0.00144058311298438
953.8461538461538	3.5948576376788144	0.0011979890260159888
968.75	3.588732500618648	0.0009803043276255862
984.1269841269841	3.5828760263285444	0.0007874260735231777
1000	3.5770099781054445	0.0006192462460484665
1016.3934426229508	3.5712743140168084	0.0004753485312632849
1033.3333333333335	3.5658098836046426	0.0003549824702279088
1050.8474576271187	3.560337071972608	0.0002570262259363519
1068.9655172413793	3.5551371327019927	0.0001797680310722151
1087.719298245614	3.549929578828369	0.00012099817394980878
1107.142857142857	3.544855428095378	7.80849908968555E-05
1127.2727272727273	3.5400564970515602	4.8134828695902376E-05
1148.148148148148	3.5352510520184968	2.8246926666252908E-05
1169.811320754717	3.5305806888169733	1.572687499942607E-05
1192.3076923076924	3.5260459441233327	8.282794063266156E-06
1215.686274509804	3.521647341801409	4.114555730319385E-06
1240	3.5172432386748147	1.9231159454466913E-06
1265.3061224489795	3.51311827298779	8.439899837080417E-07
1291.6666666666667	3.5089884582312494	3.462716948575452E-07
1319.148936170213	3.5049964336643766	0
1347.8260869565217	3.501142670614838	0
1377.7777777777778	3.497427626127523	0
1409.090909090909	3.493708631239875	0
1441.860465116279	3.4901289374462943	0
1476.1904761904761	3.4866889737973477	0
1512.1951219512196	3.483389154257675	0
1550	3.4800862058288153	0
1589.7435897435896	3.4769239278419652	0
1631.578947368421	3.4737587711296247	0
1675.6756756756756	3.4707347925187255	0
1722.2222222222224	3.467852361332587	0
1771.4285714285716	3.465111830807196	0
1823.5294117647059	3.462369131100842	0
1878.7878787878788	3.459768778401239	0
1937.5	3.457166469813104	0
2000	3.45470693402494	0
2066.666666666667	3.45239047617734	0
2137.9310344827586	3.450072463007118	0
2214.285714285714	3.4478979103215917	0
2296.296296296296	3.445721985302935	0
2384.6153846153848	3.4436898815079156	0
2480	3.4416565778706047	0
2583.3333333333335	3.4397674339989908	0
2695.6521739130435	3.438022687534217	0
2818.181818181818	3.436277055186325	0
2952.3809523809523	3.4346761128234493	0
3100	3.433074423894711	0
3263.157894736842	3.4316176943243546	0
3444.444444444445	3.4303061087897095	0
3647.0588235294117	3.428848203114276	0
3875	3.427681432105382	0
4133.333333333334	3.426514263796373	0
4428.571428571428	3.4253466977811167	0
4769.2307692307695	3.424324750954559	0
5166.666666666667	3.423448553724738	0
5636.363636363636	3.42257213218363	0
6200	3.421841609426129	0
