wavelength	aoi	alpha	beta
350.397168	65	-0.4947862741235141	-0.7983681465121101
351.986475	65	-0.4904740155109215	-0.80240537897906
353.575781	65	-0.4880872893607993	-0.8055730958756712
355.165088	65	-0.48640674974734893	-0.8077526728800604
356.75437	65	-0.4836667137628636	-0.8122042810589789
358.343628	65	-0.47840092666895584	-0.8179511585183525
359.932886	65	-0.473417599465997	-0.8236554441258802
361.522144	65	-0.47103164958854526	-0.8288802680849513
363.111377	65	-0.46906689955060543	-0.8348818901488039
364.70061	65	-0.46579692707978926	-0.8420094103549168
366.289819	65	-0.46834924949927	-0.8456389061225567
367.879028	65	-0.47055828308089925	-0.8489141145451029
369.468213	65	-0.4767518773456007	-0.8498895366886955
371.057397	65	-0.4819523058679439	-0.8514657972016004
372.646582	65	-0.4897506219695973	-0.8500794815505343
374.235718	65	-0.4976821743392255	-0.8480766027150882
375.824878	65	-0.507467922027859	-0.8453379047855161
377.414014	65	-0.5166908071660288	-0.8415369309305014
379.003125	65	-0.5250244911464552	-0.838020903210771
380.592236	65	-0.5349970005769441	-0.8330018409763916
382.181323	65	-0.5449689820616535	-0.8276789951169043
383.77041	65	-0.5512684568750561	-0.8243826440004706
385.359473	65	-0.5603614195860691	-0.8193720852810735
386.948535	65	-0.5684284307141678	-0.814297797874795
388.537573	65	-0.576666786081093	-0.8090938153667278
390.126587	65	-0.585246754529335	-0.803637434814416
391.715601	65	-0.5907664683094312	-0.8000007839178722
393.30459	65	-0.5952619475686148	-0.7967657297559786
394.893579	65	-0.6033417827719114	-0.7911156756807425
396.482544	65	-0.6073583140249339	-0.7885053414503309
398.071484	65	-0.6135686318277901	-0.7837744088382625
399.660425	65	-0.6189173134202336	-0.7799353575692725
401.249341	65	-0.6234547789966219	-0.7763565832228636
402.838232	65	-0.6290257681983381	-0.7720456174784945
404.4271	65	-0.6332356713400557	-0.7687587678763432
406.015967	65	-0.6368456004180358	-0.7659483114230515
407.60481	65	-0.6422769202322574	-0.761635640202251
409.193652	65	-0.6466591085220919	-0.7580660895401589
410.782471	65	-0.6496665249352599	-0.7554743905444419
412.37124	65	-0.6537439490598893	-0.751918807816058
413.96001	65	-0.6551237236164531	-0.7509898104583171
415.548779	65	-0.6575158046666406	-0.749206918892028
417.1375	65	-0.6626948414263157	-0.7445567174560696
418.726221	65	-0.6662095264996358	-0.7417134834418755
420.314893	65	-0.6688071669000302	-0.7393495536294502
421.903564	65	-0.6711325779445176	-0.7374111725708792
423.492236	65	-0.6741972881135961	-0.7347002811112154
425.080859	65	-0.6770309447189428	-0.7320279829685379
426.669482	65	-0.6800637129655244	-0.7293981895866152
428.258057	65	-0.6824202163577191	-0.7273419005583688
429.846582	65	-0.6854174236474296	-0.7248653446309175
431.435156	65	-0.688816380400581	-0.72144736000042
433.023633	65	-0.6893500538976747	-0.721110277608295
434.612158	65	-0.6903741830484277	-0.7203367499157813
436.200586	65	-0.6929462377572264	-0.71795016616358
437.789063	65	-0.6964821075671773	-0.7143315024178649
439.377441	65	-0.7003508309752491	-0.710750364200406
440.965869	65	-0.7035923494837039	-0.7075956130657549
442.554199	65	-0.7057652915698905	-0.7055030817293719
444.142529	65	-0.7078778421141462	-0.7034656837062241
445.730859	65	-0.7092654535752109	-0.701990496504338
447.319141	65	-0.7106308963863947	-0.7008573099824605
448.907373	65	-0.7130849878358143	-0.6983500669349201
450.495605	65	-0.7148972370633648	-0.6965301220187815
452.083789	65	-0.7173565090701449	-0.6941587979321607
453.671973	65	-0.719814532249116	-0.6915078940654912
455.260107	65	-0.7222843972467573	-0.6890341420776792
456.848193	65	-0.7228760039495854	-0.6884517637739362
458.436279	65	-0.7249693479087111	-0.6862169839823059
460.024316	65	-0.7275530507730271	-0.6835746695577862
461.612305	65	-0.7283264102292119	-0.6829027305021756
463.200293	65	-0.7308961480083666	-0.6802206006597673
464.788232	65	-0.73140233589496	-0.6796551677275059
466.376172	65	-0.7316955624152544	-0.679397347957716
467.964014	65	-0.7349327751648	-0.6760394195644308
469.551855	65	-0.7362240479689176	-0.6746124091706899
471.139697	65	-0.7376674577763159	-0.6730533335660058
472.727441	65	-0.740828207433258	-0.6696196319202751
474.315186	65	-0.7416074001578496	-0.6687087398459651
475.902881	65	-0.7423678196527209	-0.6678753524872932
477.490527	65	-0.7423301183884435	-0.6679359372508613
479.078174	65	-0.7464358703380264	-0.6633492428793665
480.665771	65	-0.7475120367364121	-0.6621916561865289
482.25332	65	-0.7481173146182338	-0.6615893746806873
483.84082	65	-0.7491918747487026	-0.6603091016288497
485.428271	65	-0.751078275958603	-0.6582662127688924
487.015723	65	-0.7518337543679636	-0.6574677097071839
488.603125	65	-0.7539170757552505	-0.6550486847279581
490.19043	65	-0.7561563738576548	-0.6525058348280015
491.777734	65	-0.7557990950734214	-0.6529606434689387
493.36499	65	-0.7564542765693892	-0.6522177357363415
494.952246	65	-0.7585383847519044	-0.6498661477379077
496.539404	65	-0.7602098353232877	-0.6479068201538494
498.126514	65	-0.7615498454788069	-0.6463298084995188
499.713623	65	-0.7615445968762592	-0.646302508497681
501.300684	65	-0.7621888510799288	-0.6456002855129326
502.887646	65	-0.7634355757692055	-0.6441079733867054
504.474609	65	-0.7643833358305429	-0.6431054357720022
506.061523	65	-0.7651595457620222	-0.6421365316885316
507.64834	65	-0.7659967164018004	-0.6411006296322831
509.235156	65	-0.7668103416313244	-0.640203871029087
510.821924	65	-0.7673994205146104	-0.6395633505935824
512.408643	65	-0.7693872914433718	-0.6371540727883357
513.995264	65	-0.7693275747909866	-0.6372371988932877
515.581885	65	-0.7721439944808504	-0.6338172887654686
517.168457	65	-0.7732250115093867	-0.6325022115633102
518.754932	65	-0.7732923429577502	-0.6325563285520966
520.341406	65	-0.7729933132351905	-0.6328311585520922
521.927783	65	-0.7744167388909717	-0.6310730069601687
523.51416	65	-0.7759961669707862	-0.6291621615778312
525.100439	65	-0.7757954216585938	-0.6295006193234288
526.68667	65	-0.7762943871021025	-0.6288244160365022
528.272852	65	-0.7781313220355779	-0.6266913366282418
529.858984	65	-0.7778886651735701	-0.6268818657784082
531.445068	65	-0.780430560113908	-0.6237229592457695
533.031055	65	-0.781317159697476	-0.6227216733709656
534.616992	65	-0.7818339480008503	-0.6220483236716963
536.202881	65	-0.7831060198453208	-0.6204863961773807
537.788721	65	-0.7833727173263382	-0.6201697945298613
539.374512	65	-0.7849493716339897	-0.6181881551026659
540.960254	65	-0.784686752772425	-0.6184809620147746
542.545898	65	-0.7849897470546598	-0.6179778470390955
544.131494	65	-0.7865745467601614	-0.6160200736183876
545.716992	65	-0.7862425130364993	-0.616575233117817
547.30249	65	-0.788085642654974	-0.6141692544061097
548.887891	65	-0.7879203554838148	-0.6143972412583907
550.473242	65	-0.7876880924625875	-0.6147706666742881
552.058496	65	-0.7886319685882002	-0.6135323815344228
553.643701	65	-0.790603229406984	-0.611034395376692
555.228857	65	-0.7911586143488079	-0.6103723075584819
556.813965	65	-0.7916193199876307	-0.6096542225851326
558.398975	65	-0.7920802791663796	-0.6091391326805037
559.983936	65	-0.793148213624314	-0.6077521937816891
561.568799	65	-0.7924757517353385	-0.6086149526907305
563.153613	65	-0.7950116920147239	-0.605358912877746
564.73833	65	-0.7951588923150126	-0.6051965858160153
566.322998	65	-0.7948995826031914	-0.6054242449553807
567.907617	65	-0.7954013858513292	-0.6047992047243052
569.492139	65	-0.7950561555490795	-0.6053208726014675
571.076611	65	-0.7968204559230184	-0.6029753619533498
572.660986	65	-0.7972013718236698	-0.6024947340354154
574.245313	65	-0.7974819646159134	-0.6022143154095129
575.829541	65	-0.7971085965305549	-0.6026170301714752
577.413672	65	-0.7971736381563639	-0.6025224643785745
578.997803	65	-0.7974218746661887	-0.6022720945296872
580.581787	65	-0.8009965132235699	-0.5975258286238311
582.165723	65	-0.8009180780675039	-0.5976620584425804
583.749609	65	-0.8007896847763796	-0.597863505469601
585.333398	65	-0.801965981528702	-0.5963093583988114
586.91709	65	-0.8020193180965702	-0.5962622692628695
588.500684	65	-0.8023997653596099	-0.5956933697474486
590.084229	65	-0.8029174663957073	-0.5949813678194215
591.667725	65	-0.8055637822360079	-0.5913696013732587
593.251123	65	-0.8056002645825332	-0.5913905542516411
594.834424	65	-0.8030181839117566	-0.5949456859725973
596.417627	65	-0.8051125263111656	-0.5921121718229948
598.000781	65	-0.8032149964019843	-0.5946725110815884
599.583838	65	-0.8076191509199698	-0.5886478586839214
601.166797	65	-0.8073322094372766	-0.5889112597028711
602.749707	65	-0.8066589451726741	-0.5899069991383913
604.33252	65	-0.809190332695781	-0.5864504365012672
605.915234	65	-0.8071996391518792	-0.5892544532943732
607.497852	65	-0.8068945213959068	-0.589744784992099
609.08042	65	-0.8083734279234668	-0.5876262239362683
610.662891	65	-0.8079034739464203	-0.5883425940352914
612.245264	65	-0.8095971854656046	-0.586066256990234
613.827539	65	-0.8109741706062977	-0.5841189580322235
615.409717	65	-0.8092128512527759	-0.5865883128547656
616.991846	65	-0.8098861350960893	-0.5855813054481741
618.573877	65	-0.8112511613862381	-0.5836579642562678
620.155762	65	-0.8114335039304218	-0.5836038322454657
621.737598	65	-0.8102608193187542	-0.5851620172160769
623.319385	65	-0.812914548315293	-0.5813754499296275
624.901025	65	-0.812147278363442	-0.5825482527437286
626.482568	65	-0.8124319029951278	-0.5821653183425958
628.064063	65	-0.8127267270793643	-0.581753906510762
629.64541	65	-0.8126139368176893	-0.5818961463584994
631.226709	65	-0.8123219240055989	-0.5822842443644638
632.807861	65	-0.8146264819604422	-0.5790590025340625
634.388965	65	-0.8153571561681046	-0.5780446097285961
635.969971	65	-0.81481336476815	-0.5789050336308248
637.55083	65	-0.8143179899805486	-0.5796246174708142
639.131641	65	-0.8150854715704763	-0.57835318632557
640.712354	65	-0.814833135025518	-0.5787827267288868
642.29292	65	-0.8148137087827769	-0.5788775631469201
643.873438	65	-0.8192242957237563	-0.5725995602052103
645.453857	65	-0.8188601836531686	-0.5731338294699581
647.034131	65	-0.8167961476894835	-0.5760570714945596
648.614355	65	-0.8174197828121587	-0.5751958802673854
650.194434	65	-0.815371181291994	-0.5781112142816552
651.774414	65	-0.8189873529435936	-0.5728958471391395
653.354346	65	-0.8190349809918717	-0.5728957889914836
654.934131	65	-0.8180670747359411	-0.5742696647068801
656.513818	65	-0.8175447126714482	-0.5751047638079912
658.093408	65	-0.8199815412130048	-0.5715462646907464
659.6729	65	-0.8192804822955408	-0.5726821071897708
661.252246	65	-0.8207759009348367	-0.570508993217205
662.831543	65	-0.8200936941924668	-0.5713704798330057
664.410693	65	-0.8190573710340161	-0.572935173831495
665.989746	65	-0.819160172974158	-0.5727352290153392
667.568701	65	-0.8211522172932115	-0.5699134423567588
669.147559	65	-0.8242432171651222	-0.5655189275514914
670.72627	65	-0.822403419163993	-0.5680667539971083
672.304883	65	-0.8223244140347484	-0.5682202939869421
673.883447	65	-0.821168751802369	-0.5699213175979965
675.461816	65	-0.820286302433406	-0.571250235364565
677.040137	65	-0.8241651756878227	-0.5656366385043341
678.618311	65	-0.8226658215606748	-0.567841796586375
680.196387	65	-0.8216595721070138	-0.5693049812735433
681.774365	65	-0.825095058639555	-0.5642707665617704
683.352246	65	-0.8252432608594042	-0.5640235363584382
684.92998	65	-0.8259453435158138	-0.5629933905741499
686.507617	65	-0.8233901004266799	-0.5668127749320495
688.085107	65	-0.8248785095848459	-0.5646543719494611
689.662549	65	-0.827220834453462	-0.5611994710918743
691.239795	65	-0.8258628026404154	-0.5632057457929615
692.816992	65	-0.8278045665638357	-0.5604371290734714
694.394043	65	-0.8256578303234041	-0.5633680746465874
695.970996	65	-0.8253571935936935	-0.5638563957389796
697.547852	65	-0.8262665017712182	-0.5625504574836412
699.124561	65	-0.8268186697934258	-0.5617683462762441
700.701172	65	-0.8261695157546313	-0.5628541142709267
702.277637	65	-0.8293187828804303	-0.5581502572434144
703.854004	65	-0.8276598389663207	-0.5605216987673721
705.430225	65	-0.8281070844558494	-0.5599590411814886
707.006396	65	-0.8273152211344016	-0.5611584878131834
708.582373	65	-0.8284174753539867	-0.5594799795018558
710.158301	65	-0.8310627365384204	-0.5555145639468088
711.734033	65	-0.8281920960757179	-0.5598329751400775
713.309717	65	-0.826978318629423	-0.561680863123164
714.885254	65	-0.8307348400699204	-0.556002724709495
716.460645	65	-0.8290079798100634	-0.5585080236002061
718.035938	65	-0.8277708036749115	-0.5604663803960556
719.611133	65	-0.8308731270617808	-0.5558656446298467
721.186182	65	-0.8268276227273911	-0.5618179517153572
722.761084	65	-0.8269108200179816	-0.5617378535106679
724.335937	65	-0.8306458336864395	-0.5560028641887926
725.910596	65	-0.8336708632787313	-0.5516329182918577
727.485156	65	-0.8297796949821619	-0.557608707799842
729.059619	65	-0.8305653404251678	-0.5564568392619319
730.633936	65	-0.8313124758853198	-0.555251939621361
732.208105	65	-0.8327718512599985	-0.5529595190799041
733.782178	65	-0.8323676241204141	-0.5536449022081015
735.356152	65	-0.8317623319879108	-0.5545114479882562
736.92998	65	-0.8298613701529113	-0.5573931285657926
738.503662	65	-0.8297532387787268	-0.5576652063972434
740.077246	65	-0.832991432019958	-0.5527206868503026
741.650684	65	-0.833750740794204	-0.5515056627946766
743.224023	65	-0.8314990885827431	-0.5549612213986659
744.797217	65	-0.8330901484539942	-0.5525943216228039
746.370264	65	-0.8331090120145368	-0.552514992489267
747.943213	65	-0.8357324203430676	-0.5484888844702537
749.516016	65	-0.8347958434411158	-0.550026833650382
751.088721	65	-0.834283222212511	-0.5508353395363016
752.661279	65	-0.8366350442426106	-0.5472358945547312
754.23374	65	-0.8330618995704748	-0.552628956315683
755.806055	65	-0.8357901128953019	-0.548488327578616
757.378223	65	-0.8352973019054322	-0.5491782444074833
758.950293	65	-0.8353705487859253	-0.5491580819129754
760.522217	65	-0.8322247257832385	-0.5539743253366877
762.093994	65	-0.8346236656147579	-0.5503268510616167
763.665674	65	-0.8359793026858444	-0.5482181987135992
765.237256	65	-0.8369129861147195	-0.5467851718258626
766.808643	65	-0.8370901469604793	-0.5464734635787877
768.379932	65	-0.8351772578050578	-0.5495414233144885
769.951123	65	-0.8364014500934991	-0.547718383548956
771.522119	65	-0.8347262670506235	-0.5502557333278337
773.093018	65	-0.8368510976325304	-0.5468155373493361
774.663818	65	-0.8380984877080077	-0.5448866601196042
776.234473	65	-0.8391446244368143	-0.5433609309694202
777.80498	65	-0.8397188616116281	-0.5425449084270958
779.375342	65	-0.8399745096388547	-0.5422501716353076
780.945605	65	-0.8357465089107099	-0.5486419465760608
782.515723	65	-0.8361695035920024	-0.547918013087772
784.085742	65	-0.8358168285127784	-0.5484615492346185
785.655615	65	-0.8397735804973676	-0.5425123367121103
787.225342	65	-0.8416886987085946	-0.539486102289859
788.794971	65	-0.8395374910559484	-0.5427724157513566
790.364453	65	-0.8373798902104906	-0.546104789789901
791.933789	65	-0.8331699402937205	-0.5525640505613407
793.503027	65	-0.8377198984968585	-0.5457072496477318
795.07207	65	-0.8400526902567251	-0.5420993807851501
796.641064	65	-0.8364529139190214	-0.547513570080991
798.209863	65	-0.8383983137917663	-0.5445386267192885
799.778564	65	-0.8396989961862389	-0.5425891928832808
801.347168	65	-0.8428757563035297	-0.5376619406659439
802.915625	65	-0.8415737429066762	-0.5395813501740336
804.483936	65	-0.835222850075017	-0.5494906679859213
806.0521	65	-0.8412912626223056	-0.5402058843819776
807.620166	65	-0.8429362151347343	-0.5374946889300531
809.188086	65	-0.8409802234413178	-0.5405072661717238
810.755859	65	-0.8378412105760517	-0.5455567021096668
812.323535	65	-0.8358393071942131	-0.5485820018048346
813.891064	65	-0.8432005012019431	-0.5371763216138065
815.458496	65	-0.8422304447367808	-0.5386786472411931
817.025781	65	-0.8408102955705293	-0.5409013696884525
818.59292	65	-0.8392743887266815	-0.5432380987465599
820.159961	65	-0.8434741466682846	-0.5366820053192419
821.726855	65	-0.8461202799229072	-0.5324970661531705
823.293555	65	-0.841032271464103	-0.5406699572060878
824.860254	65	-0.8394950642186464	-0.5430269665026539
826.426758	65	-0.8426023849786092	-0.5381410104442851
827.993066	65	-0.8412381398622091	-0.5402617964073693
829.559375	65	-0.843330767058124	-0.5370199521789865
831.125488	65	-0.8421096448177663	-0.5388347661614258
832.691504	65	-0.8449546376174443	-0.5344190269139663
834.257324	65	-0.8385989063861833	-0.5442952446720429
835.823145	65	-0.8425247573895293	-0.5381813086569984
837.38877	65	-0.8462320769353983	-0.532459642848909
838.954199	65	-0.8408172492209683	-0.5409465113242683
840.519531	65	-0.8398778582360114	-0.5422770103680791
842.084863	65	-0.843156042250895	-0.5373074351765644
843.649902	65	-0.8448551339410281	-0.5345519212980016
845.214941	65	-0.8438867517904448	-0.5361139184292516
846.779785	65	-0.8430541909477464	-0.537451013423701
848.344531	65	-0.8423098319401273	-0.5386217044285403
849.90918	65	-0.8398568649554089	-0.5424946452216489
851.473633	65	-0.8449660257399393	-0.5345291860690666
853.037988	65	-0.8419968437733497	-0.5390004476104522
854.602246	65	-0.8421882316826707	-0.5388255438724062
856.166406	65	-0.84701851149565	-0.5311211706489379
857.730371	65	-0.841471668362785	-0.5399601165606164
859.294238	65	-0.8451615989262201	-0.5341487456026695
860.858008	65	-0.8414563913687415	-0.5398955158439129
862.421582	65	-0.8461523904973768	-0.532531729956213
863.985156	65	-0.8437998796745256	-0.536299378576854
865.548535	65	-0.8399169615025691	-0.5423574982869277
867.111816	65	-0.8443939812015946	-0.5354284346123298
868.675	65	-0.850330255730556	-0.5258879529559422
870.237988	65	-0.849545022882761	-0.5270775244837391
871.800879	65	-0.8461251729839908	-0.5325970106493977
873.363672	65	-0.8467851185558832	-0.5315081195047637
874.926367	65	-0.8455829869082092	-0.5334508196386977
876.488965	65	-0.8415365975107346	-0.5398401597297563
878.051367	65	-0.8432324390248714	-0.5372833741876847
879.613672	65	-0.8474491373710782	-0.5304712750919747
881.175879	65	-0.849416708912998	-0.5272993720915569
882.737988	65	-0.8476161716981956	-0.5302662697580461
884.3	65	-0.8435850207029499	-0.5365664117581189
885.861914	65	-0.8423551905416219	-0.5385745890840735
887.423633	65	-0.8470400903357044	-0.531337119427067
888.985254	65	-0.8502043998671752	-0.5261963418019451
890.546777	65	-0.8563699311360373	-0.5159197703329009
892.108203	65	-0.8521538087871454	-0.5229876696928375
893.669531	65	-0.8471223665652727	-0.5310773402347351
895.230762	65	-0.8433972786597684	-0.5370234169965469
896.791797	65	-0.8425880038569916	-0.5382996032118593
898.352832	65	-0.8479139238695713	-0.5298706235253954
899.913672	65	-0.8484986329397417	-0.52889474933119
901.474414	65	-0.8448346470073936	-0.5347264027901758
903.035059	65	-0.8480919327366571	-0.5293874490315807
904.595605	65	-0.8498028984281316	-0.5266163744605468
906.156055	65	-0.8544628741312074	-0.5191575465851003
907.716406	65	-0.8485910193507168	-0.5287484504024882
909.27666	65	-0.8485688393676969	-0.5288629084251101
910.836816	65	-0.8524282342196555	-0.5225499192202735
912.396777	65	-0.8513450025201095	-0.5241482920683076
913.956738	65	-0.8490867150708891	-0.5277261348004629
915.516602	65	-0.8437954024828688	-0.5362730387281744
917.07627	65	-0.8469783002513768	-0.5313788970081219
918.635938	65	-0.8480196640142463	-0.5297849224053961
920.195508	65	-0.8502703654259725	-0.5261430881304962
921.754883	65	-0.8476128192394119	-0.5303281814399076
923.314258	65	-0.8440819553608414	-0.5360018365276913
924.873437	65	-0.8473320002673145	-0.5307185840396619
926.432617	65	-0.8483786508551934	-0.529099157826364
927.991699	65	-0.8505297799517622	-0.5255405016891574
929.550684	65	-0.8461175449869744	-0.5325781059884813
931.109473	65	-0.8457451999296797	-0.5333368635681693
932.668262	65	-0.8478810755743283	-0.5299139052854348
934.226953	65	-0.8530227098722859	-0.5215807918969548
935.785547	65	-0.8522859018862192	-0.5227849454922824
937.344043	65	-0.8500726125373956	-0.52633467167294
938.902539	65	-0.8480340561258467	-0.5296091988743126
940.46084	65	-0.851478287930869	-0.5241359379662297
942.019141	65	-0.8500614899708353	-0.5263157426057409
943.577246	65	-0.8511155057343406	-0.5246487379200475
945.135352	65	-0.8465330552881013	-0.5320709968807541
946.693359	65	-0.8523706480693528	-0.5225123220979396
948.25127	65	-0.8488058349458671	-0.528270552030191
949.809082	65	-0.8496206579818791	-0.5272019465634731
951.366895	65	-0.847844115037853	-0.5299020598332367
952.924609	65	-0.8509180464554512	-0.5249739569159262
954.482227	65	-0.8515078486025073	-0.5240742616483856
956.039746	65	-0.8535670739257648	-0.5207350905045163
957.597168	65	-0.8510029144293118	-0.5248775008529973
959.15459	65	-0.8471596856372953	-0.5309978606998497
960.711914	65	-0.8464273811499943	-0.5320561410791698
962.269141	65	-0.8485832445222734	-0.5287113210348839
963.826367	65	-0.8546308447130876	-0.519066174156246
965.383398	65	-0.8557452990970761	-0.5170425580211379
966.940527	65	-0.8539387365599465	-0.5200918599020978
968.497461	65	-0.8477829184340565	-0.5300205467428337
970.054395	65	-0.8450514057829118	-0.5343737314403918
971.61123	65	-0.8514710575095319	-0.5241065932204798
973.168066	65	-0.8550161046365711	-0.5181919324485189
974.724707	65	-0.852310093891073	-0.5227001086323654
976.281445	65	-0.8510847912331164	-0.524523219328846
977.838086	65	-0.8483322463414581	-0.5291814947065365
979.394629	65	-0.852523689457553	-0.522390383387202
980.951074	65	-0.8557814903924433	-0.5171893412023653
982.50752	65	-0.8548011170913794	-0.5186453141796059
984.063965	65	-0.8545809433060126	-0.5190766613489666
985.620313	65	-0.8536090438347517	-0.5204768569231627
987.176563	65	-0.851509074900083	-0.5240962586359941
988.732812	65	-0.8521201787404719	-0.5231388303984207
