wavelength	aoi	alpha	beta
350.397168	80	-0.8782626506639611	-0.1091885760613706
351.986475	80	-0.8794715034103772	-0.11680827481510606
353.575781	80	-0.8807597018243185	-0.1257027028726813
355.165088	80	-0.8822230899457991	-0.13593033675152325
356.75437	80	-0.8839711726010303	-0.14747348515754802
358.343628	80	-0.8861169359513701	-0.1602493292118981
359.932886	80	-0.8888760442205643	-0.17395749939907124
361.522144	80	-0.8923278384427056	-0.18836058653549193
363.111377	80	-0.8966384128661861	-0.20302430435572988
364.70061	80	-0.9020373778965198	-0.21722524679008
366.289819	80	-0.9087032584683323	-0.2291645353967037
367.879028	80	-0.9165466461334807	-0.23802432860943834
369.468213	80	-0.9254653529055274	-0.24240988213629808
371.057397	80	-0.9350291874728048	-0.24120183408255477
372.646582	80	-0.9445269107552582	-0.23473321554745566
374.235718	80	-0.9536775730154838	-0.22336985967985862
375.824878	80	-0.9620118490007338	-0.20815120894492284
377.414014	80	-0.9691412548510111	-0.1912831712898863
379.003125	80	-0.9752039820653612	-0.1732301170622498
380.592236	80	-0.9802176171518221	-0.15499254403593674
382.181323	80	-0.984322701229421	-0.13728717761456424
383.77041	80	-0.9876711929747355	-0.12012674210824778
385.359473	80	-0.9903763907100281	-0.10365276610102653
386.948535	80	-0.9925495074516485	-0.08795607936410058
388.537573	80	-0.9942682279832811	-0.07303828089353855
390.126587	80	-0.9956020978492431	-0.05892028942054922
391.715601	80	-0.9966212821483387	-0.04560981306822636
393.30459	80	-0.9973742967006164	-0.03307073584731143
394.893579	80	-0.9979069645696512	-0.02127767726777985
396.482544	80	-0.9982631961490483	-0.010160622630331111
398.071484	80	-0.9984691248628758	0.00032357784057922734
399.660425	80	-0.9985522054132111	0.010247522313991406
401.249341	80	-0.9985320112571053	0.019675685498890965
402.838232	80	-0.998423532027391	0.028652976921575042
404.4271	80	-0.99823898488149	0.03725102180053069
406.015967	80	-0.997987361683994	0.04550332120156762
407.60481	80	-0.9976762976725512	0.05344862009865277
409.193652	80	-0.9973122781978525	0.061108580805151004
410.782471	80	-0.9969001318303314	0.06851944695594668
412.37124	80	-0.9964436117126932	0.07570546094595645
413.96001	80	-0.9959471643653192	0.0826792285462229
415.548779	80	-0.9954145648133625	0.08945048986648589
417.1375	80	-0.9948484243337467	0.09603809334527072
418.726221	80	-0.9942512372000215	0.10245787392807851
420.314893	80	-0.9936289567431777	0.10868498124254679
421.903564	80	-0.992981161320613	0.11476031687034949
423.492236	80	-0.9923119597849794	0.12067239738703756
425.080859	80	-0.99162205750513	0.12644293251587785
426.669482	80	-0.9909169994955158	0.1320490216125502
428.258057	80	-0.9901971092176746	0.13751145257365216
429.846582	80	-0.9894647280956599	0.14283156119648321
431.435156	80	-0.9887210350939689	0.14801808603006772
433.023633	80	-0.987967257616166	0.15307802997977704
434.612158	80	-0.9872077331653836	0.15799737708281275
436.200586	80	-0.9864418665121277	0.16279395371630276
437.789063	80	-0.9856731478633932	0.16745806818042952
439.377441	80	-0.9848988564869432	0.1720174379519307
440.965869	80	-0.9841244421767467	0.1764498836413341
442.554199	80	-0.9833472094359238	0.18078062682637014
444.142529	80	-0.9825745146964634	0.18497776598062546
445.730859	80	-0.9818006946950508	0.18908062997626798
447.319141	80	-0.9810296697531081	0.19307526700836897
448.907373	80	-0.9802578846907871	0.1969867708171905
450.495605	80	-0.9794940526483186	0.20077753170557094
452.083789	80	-0.9787325857771041	0.20448164177700554
453.671973	80	-0.9779757330681312	0.20809319971194787
455.260107	80	-0.9772208940566071	0.21162939327436842
456.848193	80	-0.9764743881658824	0.215065395062949
458.436279	80	-0.9757340547622261	0.21841589929313915
460.024316	80	-0.9749982332700741	0.22169225514824678
461.612305	80	-0.974267163535869	0.22489681576049075
463.200293	80	-0.973541345132561	0.2280307088798973
464.788232	80	-0.9728260876341592	0.23107453281048435
466.376172	80	-0.9721146009347453	0.23406029625084257
467.964014	80	-0.9714133233552983	0.2369637702915555
469.551855	80	-0.9707133049157496	0.23982446797396303
471.139697	80	-0.9700243279298836	0.24260472714507525
472.727441	80	-0.969337879394586	0.2453411712498977
474.315186	80	-0.9686611619566997	0.24800713499280425
475.902881	80	-0.9679907880556053	0.25061809977116395
477.490527	80	-0.9673260279139415	0.25317863942945307
479.078174	80	-0.966670234992406	0.25567763638149027
480.665771	80	-0.9660176949996272	0.25813840965315255
482.25332	80	-0.9653789547212512	0.26052293570526025
483.84082	80	-0.9647429923799737	0.26287393265662246
485.428271	80	-0.9641152045831755	0.2651726633659055
487.015723	80	-0.9634917461765256	0.26743442007349927
488.603125	80	-0.9628722179566229	0.2696616073649229
490.19043	80	-0.9622626956151878	0.2718335818503541
491.777734	80	-0.9616556672883785	0.2739781429813807
493.36499	80	-0.9610606805411532	0.2760626786127577
494.952246	80	-0.9604695083679101	0.27811706212751924
496.539404	80	-0.959881821415111	0.28014310149312033
498.126514	80	-0.95930092424151	0.28213018418929453
499.713623	80	-0.9587211424965676	0.2840983573488353
501.300684	80	-0.9581544409166107	0.2860079192331482
502.887646	80	-0.9575935102426882	0.2878844550017642
504.474609	80	-0.9570376729569384	0.28973087352296845
506.061523	80	-0.9564903920059279	0.29153639271151816
507.64834	80	-0.9559429600659208	0.29333022436225686
509.235156	80	-0.9554020219911372	0.2950910421576443
510.821924	80	-0.9548648955290306	0.2968281130485709
512.408643	80	-0.9543302191551881	0.29854624425628257
513.995264	80	-0.9538106265403322	0.30020560422826
515.581885	80	-0.9532939224816485	0.30184579463772987
517.168457	80	-0.9527807867072625	0.3034649904490839
518.754932	80	-0.9522734882880801	0.3050564444737768
520.341406	80	-0.9517649075098317	0.3066427438456192
521.927783	80	-0.9512632198206223	0.3081987103676921
523.51416	80	-0.9507675660360482	0.30972748198551403
525.100439	80	-0.9502743181963299	0.31124058587616377
526.68667	80	-0.9497930218890451	0.31270924021604807
528.272852	80	-0.949316507693182	0.3141558102403604
529.858984	80	-0.9488398532336391	0.31559542100183746
531.445068	80	-0.9483713347235461	0.31700336421238673
533.031055	80	-0.9479016873710263	0.3184077193127847
534.616992	80	-0.9474333048014689	0.3198014424494974
536.202881	80	-0.9469783152581198	0.3211488914239747
537.788721	80	-0.9465245104538824	0.3224865700322735
539.374512	80	-0.9460729673882499	0.32381144894107283
540.960254	80	-0.9456310102968217	0.3251023593853584
542.545898	80	-0.9451891091306415	0.3263873787561834
544.131494	80	-0.9447492305870417	0.32766089887816574
545.716992	80	-0.9443192865904633	0.3289003210584432
547.30249	80	-0.9438898833252631	0.33013296154811594
548.887891	80	-0.943462849669642	0.3313536870857463
550.473242	80	-0.9430458515513025	0.33254087051568754
552.058496	80	-0.9426296386661144	0.33372107182603233
553.643701	80	-0.9422141034063078	0.3348946672795736
555.228857	80	-0.9418085222214629	0.3360356919437679
556.813965	80	-0.9414021613246247	0.3371745232195252
558.398975	80	-0.9409945559855769	0.338312473447268
559.983936	80	-0.9405974046201256	0.33941709517507207
561.568799	80	-0.9402007200889879	0.34051635857582113
563.153613	80	-0.9398040418929857	0.34161158866659025
564.73833	80	-0.9394161476479631	0.34267873361421436
566.322998	80	-0.9390329129511711	0.3437293693879829
567.907617	80	-0.938650783252447	0.34477335243866514
569.492139	80	-0.9382738036207511	0.345799752646752
571.076611	80	-0.9379026736984772	0.34680684526054395
572.660986	80	-0.9375306847398436	0.34781292418197196
574.245313	80	-0.9371579122019928	0.3488177880286396
575.829541	80	-0.9367940470196385	0.3497954614641193
577.413672	80	-0.9364287056952729	0.3507739574966712
578.997803	80	-0.9360635364913467	0.3517488797441547
580.581787	80	-0.9357085442897742	0.35269368752966407
582.165723	80	-0.9353583134514112	0.3536229963284441
583.749609	80	-0.9350083084984636	0.3545489135219026
585.333398	80	-0.934660322571178	0.3554667397150259
586.91709	80	-0.934318895455705	0.3563646230568967
588.500684	80	-0.9339759929417608	0.3572637661645593
590.084229	80	-0.9336319879356002	0.35816318396310937
591.667725	80	-0.9332972499739208	0.3590358896886213
593.251123	80	-0.9329655152300892	0.35989836158332844
594.834424	80	-0.9326338481690003	0.36075828017130795
596.417627	80	-0.9323043008910266	0.3616103668254553
598.000781	80	-0.9319838901823281	0.3624366133303339
599.583838	80	-0.9316637661918267	0.3632599522916591
601.166797	80	-0.9313435184522139	0.3640814537949808
602.749707	80	-0.9310282137631073	0.36488818149971364
604.33252	80	-0.9307172864159048	0.3656816867634774
605.915234	80	-0.9304051052449925	0.3664763824271011
607.497852	80	-0.9300912865726567	0.36727322893642605
609.08042	80	-0.9297855059697434	0.3680477374215406
610.662891	80	-0.9294812415107225	0.3688165270024291
612.245264	80	-0.9291767262038609	0.36958408842528095
613.827539	80	-0.9288729780229266	0.3703478763634026
615.409717	80	-0.9285806434299462	0.37108123978304736
616.991846	80	-0.9282890698662887	0.3718110183967023
618.573877	80	-0.9279966900490146	0.3725411390586267
620.155762	80	-0.9277033854168815	0.3732718881526262
621.737598	80	-0.9274184442520119	0.3739801983804828
623.319385	80	-0.9271311500729089	0.3746927666612909
624.901025	80	-0.9268424566211984	0.37540720932140487
626.482568	80	-0.926555140391902	0.3761166685820284
628.064063	80	-0.9262794255293622	0.37679601846438426
629.64541	80	-0.9260037703598373	0.37747379145851945
631.226709	80	-0.9257278305562964	0.3781508387883169
632.807861	80	-0.9254523832386212	0.37882526148578993
634.388965	80	-0.925186125434958	0.3794758439427316
635.969971	80	-0.9249189889845464	0.3801272578793293
637.55083	80	-0.9246509607759497	0.3807795292214144
639.131641	80	-0.9243820024182712	0.3814327449924607
640.712354	80	-0.9241239937534294	0.38205813276532274
642.29292	80	-0.9238654187993586	0.3826836853939429
643.873438	80	-0.9236059041310559	0.3833103014631405
645.453857	80	-0.9233454374348006	0.3839380032499783
647.034131	80	-0.9230928167318203	0.3845456402303888
648.614355	80	-0.9228422340522482	0.38514725676360406
650.194434	80	-0.9225912006360486	0.3857488453295486
651.774414	80	-0.9223399801780274	0.3863497759099217
653.354346	80	-0.9220933319568526	0.3869386954499551
654.934131	80	-0.9218520318476772	0.38751381942830354
656.513818	80	-0.9216102193274944	0.38808915387495996
658.093408	80	-0.9213673503345249	0.38866598641421823
659.6729	80	-0.9211236390583474	0.3892437994138477
661.252246	80	-0.920889421364529	0.3897981430310676
662.831543	80	-0.920653351253217	0.3903559237328041
664.410693	80	-0.9204156614777423	0.39091657536428664
665.989746	80	-0.9201765642554719	0.3914795838035637
667.568701	80	-0.9199442529373657	0.3920256940842628
669.147559	80	-0.9197168656399421	0.39255935536664244
670.72627	80	-0.9194884191637857	0.39309463454615784
672.304883	80	-0.9192588897879788	0.3936315786287829
673.883447	80	-0.9190282535505813	0.3941702348370897
675.461816	80	-0.9188087753895572	0.3946820165228287
677.040137	80	-0.9185886807317011	0.395194443195431
678.618311	80	-0.9183679873398976	0.39570747064812045
680.196387	80	-0.9181469270079009	0.39622055849752474
681.774365	80	-0.9179287884357122	0.39672608888949623
683.352246	80	-0.917718059537204	0.39721371563974567
684.92998	80	-0.9175068327738722	0.39770177915586546
686.507617	80	-0.9172946455200878	0.39819134261438827
688.085107	80	-0.9170810458381303	0.3986834383626915
689.662549	80	-0.9168715304929248	0.3991654163281454
691.239795	80	-0.9166663451052475	0.3996367559478428
692.816992	80	-0.9164596842203694	0.4001108124895421
694.394043	80	-0.9162519722282826	0.40058660330297946
695.970996	80	-0.9160436169624998	0.4010631890809057
697.547852	80	-0.9158418319214829	0.4015240990182534
699.124561	80	-0.9156446676075845	0.4019738419810551
700.701172	80	-0.915446831441977	0.40242451218676395
702.277637	80	-0.915247913046733	0.4028770377511614
703.854004	80	-0.9150474876768536	0.4033323744045378
705.430225	80	-0.9148522105484673	0.40377541884141444
707.006396	80	-0.9146605695059858	0.4042096438953573
708.582373	80	-0.9144674458733865	0.40464666116874926
710.158301	80	-0.9142731977862152	0.4050856512301676
711.734033	80	-0.9140782212244105	0.4055257134713057
713.309717	80	-0.913887959955779	0.40595457927693834
714.885254	80	-0.9137043580178834	0.4063679165371656
716.460645	80	-0.913520118929836	0.406782180570991
718.035938	80	-0.913334858945456	0.407198228339796
719.611133	80	-0.9131481979996111	0.40761690433203135
721.186182	80	-0.9129618636211813	0.4080343298146434
722.761084	80	-0.9127844154372258	0.4084313663151249
724.335937	80	-0.9126052863303403	0.40883169134548075
725.910596	80	-0.9124248342446452	0.4092344949400146
727.485156	80	-0.9122433914195837	0.40963902815354813
729.059619	80	-0.9120613022853836	0.4100445184136915
730.633936	80	-0.9118884659076659	0.41042895398894214
732.208105	80	-0.911717940519697	0.410807823112144
733.782178	80	-0.9115466174711602	0.4111880398788038
735.356152	80	-0.9113741539643833	0.4115703585852955
736.92998	80	-0.9112002105294087	0.4119555227542206
738.503662	80	-0.9110276445935808	0.4123372044963351
740.077246	80	-0.9108623261620812	0.41270245133307104
741.650684	80	-0.9106955764065486	0.41307046402822056
743.224023	80	-0.9105278872440209	0.41344015009578006
744.797217	80	-0.910359762587007	0.41381039530708663
746.370264	80	-0.9101917038037538	0.4141800958181306
747.943213	80	-0.9100298222847633	0.41453582653506876
749.516016	80	-0.9098720007212114	0.41488227807999967
751.088721	80	-0.9097139842696983	0.41522880707372706
752.661279	80	-0.9095551665142437	0.4155767402545846
754.23374	80	-0.9093949286122159	0.4159274261643218
755.806055	80	-0.9092326592919001	0.41628219125078764
757.378223	80	-0.9090791655867545	0.4166174290531014
758.950293	80	-0.908925695255259	0.41695228644369725
760.522217	80	-0.9087698957078401	0.41729189077216794
762.093994	80	-0.9086119921110981	0.4176357379522884
763.665674	80	-0.9084522052185394	0.41798333531706405
765.237256	80	-0.9082907616742018	0.4183341792407746
766.808643	80	-0.9081411716682378	0.41865894209988597
768.379932	80	-0.9079923690953192	0.41898169125967333
769.951123	80	-0.90784280115006	0.41930579603405926
771.522119	80	-0.9076928007209635	0.41963053236421644
773.093018	80	-0.9075426832731364	0.41995521656429835
774.663818	80	-0.907392774989816	0.420279144360475
776.234473	80	-0.907250380516661	0.4205865502020965
777.80498	80	-0.9071101203078443	0.420889080447359
779.375342	80	-0.9069695590508855	0.42119199478450337
780.945605	80	-0.9068281701689606	0.42149642493659
782.515723	80	-0.9066854335811998	0.4218034846697962
784.085742	80	-0.906540819064075	0.42211430554698337
785.655615	80	-0.906401066272328	0.4224144090046681
787.225342	80	-0.9062650838511305	0.4227061637132822
788.794971	80	-0.9061269899158647	0.4230021965267228
790.364453	80	-0.9059871238812921	0.4233017699278946
791.933789	80	-0.9058458218910935	0.4236041558032596
793.503027	80	-0.9057034168700786	0.4239086353598405
795.07207	80	-0.9055619256707911	0.42421089609217205
796.641064	80	-0.9054313272850965	0.4244896505985367
798.209863	80	-0.9053001881808652	0.42476933442817033
799.778564	80	-0.9051684082646961	0.42505015836980653
801.347168	80	-0.9050358951245266	0.4253323161708651
802.915625	80	-0.9049025603998456	0.42561599231802144
804.483936	80	-0.9047683111716541	0.4259013803623068
806.0521	80	-0.9046390911839285	0.42617585356728965
807.620166	80	-0.9045138344428654	0.4264416998314098
809.188086	80	-0.9043875406425432	0.4267095417191492
810.755859	80	-0.9042602064755526	0.4269793815242061
812.323535	80	-0.9041318244213091	0.42725123041247126
813.891064	80	-0.9040023950924171	0.4275250822742691
815.458496	80	-0.9038719108556481	0.42780094840632243
817.025781	80	-0.9037497086864804	0.42805910386482315
818.59292	80	-0.9036289650283219	0.4283139897934802
820.159961	80	-0.9035071757636615	0.42857089450189023
821.726855	80	-0.9033843416508098	0.42882981184144947
823.293555	80	-0.9032604634000572	0.42909073574392687
824.860254	80	-0.9031355226069605	0.429353700336324
826.426758	80	-0.9030095315777505	0.42961867503952056
827.993066	80	-0.9028926336645471	0.42986434313183663
829.559375	80	-0.9027765165797006	0.4301081989585643
831.125488	80	-0.9026593585091331	0.43035406880796234
832.691504	80	-0.9025411494178521	0.43060196938868417
834.257324	80	-0.9024218941292927	0.4308518861962515
835.823145	80	-0.9023015748694164	0.4311038520340482
837.38877	80	-0.9021802039846526	0.431357836563411
838.954199	80	-0.9020671730379695	0.43159420104036905
840.519531	80	-0.9019567908082825	0.4318248720181915
842.084863	80	-0.9018451509248089	0.43205801689098505
843.649902	80	-0.9017321531319692	0.4322938397714336
845.214941	80	-0.9016176547948285	0.43253263251723656
846.779785	80	-0.9015015482370335	0.4327746132852995
848.344531	80	-0.9013837041179613	0.4330200446487597
849.90918	80	-0.9012696783757865	0.43325735921890257
851.473633	80	-0.9011631318018334	0.4334789613731846
853.037988	80	-0.901055062746052	0.4337035873399706
854.602246	80	-0.9009457566811683	0.4339306385544175
856.166406	80	-0.9008354998882304	0.4341595162529139
857.730371	80	-0.9007245861616953	0.43438960760591855
859.294238	80	-0.9006132962397655	0.43462032842134923
860.858008	80	-0.9005019183104778	0.4348510805975835
862.421582	80	-0.9003986106528811	0.43506497494572366
863.985156	80	-0.9002968973960803	0.43527544104036514
865.548535	80	-0.9001950419358308	0.43548607574055737
867.111816	80	-0.9000928149896742	0.43569735234760787
868.675	80	-0.8999899930210029	0.43590973116261555
870.237988	80	-0.8998863586484447	0.43612365866829306
871.800879	80	-0.899781680933424	0.4363396082071467
873.363672	80	-0.89967669348048	0.4365560637096351
874.926367	80	-0.8995813552230142	0.43675250766397755
876.488965	80	-0.899484500922286	0.43695196349368703
878.051367	80	-0.8993860858894407	0.4371545179882361
879.613672	80	-0.8992860529247784	0.43736028338178357
881.175879	80	-0.8991843508308952	0.4375693592224061
882.737988	80	-0.8990809281922566	0.4377818451758002
884.3	80	-0.8989757333646617	0.43799784103674133
885.861914	80	-0.8988703291949536	0.4382141341386064
887.423633	80	-0.8987785754232639	0.4384023069621171
888.985254	80	-0.8986851293378699	0.43859384758267406
890.546777	80	-0.8985901355190904	0.43878845440799197
892.108203	80	-0.8984937387349039	0.43898582603512987
893.669531	80	-0.8983960841390783	0.4391856608698226
895.230762	80	-0.898297317036279	0.4393876576299317
896.791797	80	-0.8981975894307964	0.4395915019828453
898.352832	80	-0.8980970347417412	0.4397969182384887
899.913672	80	-0.8980067548635178	0.439981241579245
901.474414	80	-0.8979174629302281	0.4401634534465552
903.035059	80	-0.8978276155997261	0.440346704338094
904.595605	80	-0.8977372593042177	0.4405308979800209
906.156055	80	-0.8976464402703811	0.4407159387074602
907.716406	80	-0.897555205158242	0.44090173016480116
909.27666	80	-0.8974636004229648	0.4410881766084345
910.836816	80	-0.89737167278223	0.4412751819566704
912.396777	80	-0.8972832713398456	0.44145492036371986
913.956738	80	-0.8972001042534063	0.4416239319426066
915.516602	80	-0.8971163955336936	0.44179396318292874
917.07627	80	-0.8970319345934367	0.44196544000205995
918.635938	80	-0.8969464944768203	0.4421388206884422
920.195508	80	-0.8968598637232762	0.4423145311887854
921.754883	80	-0.8967718307138033	0.44249299688718513
923.314258	80	-0.8966821668870819	0.44267467657483106
924.873437	80	-0.8965906655412975	0.4428599837663539
926.432617	80	-0.8965072281270227	0.4430288748213545
927.991699	80	-0.8964266036180196	0.44319199542790877
929.550684	80	-0.8963442647206844	0.44335850747949856
931.109473	80	-0.8962604570140701	0.44352790993591207
932.668262	80	-0.896175410530119	0.4436997340305287
934.226953	80	-0.8960893714606561	0.44387347921660625
935.785547	80	-0.8960025811171707	0.4440486557315699
937.344043	80	-0.8959152813353	0.44422477369420876
938.902539	80	-0.8958277088073353	0.44440135454700985
940.46084	80	-0.8957480475504311	0.4445619062333931
942.019141	80	-0.8956719502670933	0.44471520708721274
943.577246	80	-0.8955955414250214	0.4448690694117168
945.135352	80	-0.8955185857963117	0.44502396580207493
946.693359	80	-0.8954408623527389	0.44518033946331964
948.25127	80	-0.8953621446724764	0.44533864365221737
949.809082	80	-0.8952822062725859	0.4454993309164231
951.366895	80	-0.8952008148689498	0.4456628645986085
952.924609	80	-0.895117748105522	0.4458296871959738
954.482227	80	-0.8950387567824768	0.4459882523225823
956.039746	80	-0.8949664921651457	0.446133252080267
957.597168	80	-0.8948924989254124	0.4462816593909214
959.15459	80	-0.8948169832922871	0.44643305662984706
960.711914	80	-0.8947401611527281	0.4465870074445203
962.269141	80	-0.8946622440225596	0.44674308492411735
963.826367	80	-0.894583438883203	0.446900871934418
965.383398	80	-0.8945039677381112	0.447059921988654
966.940527	80	-0.8944240281162733	0.44721983832470513
968.497461	80	-0.8943438478841802	0.4473801642314626
970.054395	80	-0.8942725144903656	0.4475227390147052
971.61123	80	-0.8942028106867569	0.4476620017416712
973.168066	80	-0.8941328784604444	0.44780166647253333
974.724707	80	-0.8940625984310834	0.4479419709923088
976.281445	80	-0.8939918290020038	0.44808319703592225
977.838086	80	-0.8939204503373093	0.4482255824880062
979.394629	80	-0.8938483337362398	0.4483693825173344
980.951074	80	-0.8937753502707289	0.44851485232025173
982.50752	80	-0.8937013660842866	0.4486622564738239
984.063965	80	-0.8936262517351985	0.4488118502996375
985.620313	80	-0.8935624065700948	0.448938951163367
987.176563	80	-0.8934978024640443	0.4490675170308692
988.732812	80	-0.8934318695943457	0.44919867971238026
