wavelength	n	k
350.397168	2.0211754260634485	3.982889752224084E-06
351.986475	2.019168864556958	3.490531377127858E-06
353.575781	2.0172541005006837	6.242282954051957E-06
355.165088	2.015625159737074	2.469372280396593E-06
356.75437	2.014757172887791	2.4324937822032952E-06
358.343628	2.0146663841707544	2.133383638148895E-06
359.932886	2.0142393221960786	2.0813197730437805E-06
361.522144	2.0130445248774738	1.5206730859543906E-06
363.111377	2.011555660378802	1.4976170139427625E-06
364.70061	2.009577929841792	3.0122596965316007E-06
366.289819	2.0074797310923276	1.0821535446915434E-06
367.879028	2.0067085105698164	1.0654638421021368E-06
369.468213	2.0067010870626425	9.903837819631565E-07
371.057397	2.0063295058299464	-5.576583754231085E-07
372.646582	2.005030728488171	-4.156877920411351E-06
374.235718	2.0029717434436627	8.419648466319897E-07
375.824878	2.000966510125862	7.161866810543134E-07
377.414014	2.00120807406744	5.747629596277218E-07
379.003125	2.0009825367391474	6.045491818511326E-07
380.592236	1.9998477292050691	4.1375669233723747E-07
382.181323	1.9978017189204131	4.244726508421891E-07
383.77041	1.9962089277478445	2.1223254875667525E-06
385.359473	1.9968804689986583	9.19030788274772E-08
386.948535	1.9962658086935678	3.0203691662375375E-07
388.537573	1.9941798453733353	2.1889751976786187E-07
390.126587	1.99241962863084	2.457853725329464E-07
391.715601	1.9932034520975053	3.337433969670452E-07
393.30459	1.9925320934280748	1.5192939701983224E-07
394.893579	1.9903564026418499	4.671989887999943E-06
396.482544	1.989407283779435	9.284697101857476E-08
398.071484	1.9902915906350618	-8.401314780209945E-07
399.660425	1.9887262395909764	8.676425587529359E-08
401.249341	1.986515861492193	-6.239780037913819E-10
402.838232	1.9875926552930114	-4.2546063479001895E-06
404.4271	1.9867550123949247	-9.602209008620957E-09
406.015967	1.9842573074658132	4.966157002750627E-08
407.60481	1.9849498734460862	1.399263962728772E-07
409.193652	1.9846691660184468	-4.798381154353203E-07
410.782471	1.9820942221447602	5.666079310898944E-07
412.37124	1.9825592742692841	2.447736712898478E-07
413.96001	1.98238636786173	-1.508195639190824E-06
415.548779	1.979903409827256	0
417.1375	1.9806825219214466	0
418.726221	1.9801286241268794	2.9382097211348563E-08
420.314893	1.977865364995088	8.650066103080445E-08
421.903564	1.9790609409469668	3.7681089660476185E-07
423.492236	1.9778019362146613	3.4122942872231293E-06
425.080859	1.9760066628710065	4.027451116808485E-06
426.669482	1.9771260338027061	3.2871265799801973E-06
428.258057	1.974982784752972	0
429.846582	1.9751754939085753	0
431.435156	1.9749422620070762	9.666788683529123E-10
433.023633	1.9727331424113541	-2.5070575142646893E-08
434.612158	1.9740269418356224	1.1322063088800667E-07
436.200586	1.9721710384939093	1.9134070118566723E-07
437.789063	1.9721740185545635	6.93161178152789E-08
439.377441	1.971865007872462	7.17209289374145E-08
440.965869	1.969875158022353	0
442.554199	1.9710274338351006	0
444.142529	1.9687128788802113	0
445.730859	1.9698081883684608	3.7404920746979666E-11
447.319141	1.9684232931068926	5.2618233282688405E-08
448.907373	1.9681203669407805	2.706912145943372E-07
450.495605	1.9679234724760708	4.418550096765997E-07
452.083789	1.9662706912260313	4.6628175919088374E-07
453.671973	1.967171776408425	6.06693866058136E-07
455.260107	1.9647758854160036	5.29052916765716E-07
456.848193	1.9662515467050536	-3.164590524104077E-07
458.436279	1.9638664750972574	4.141350914134764E-07
460.024316	1.9651990630661593	2.746628671526543E-07
461.612305	1.963246240112996	-2.5534357743211964E-07
463.200293	1.9641382440518231	-1.9494920385714086E-07
464.788232	1.9627347574980056	2.182132810770049E-07
466.376172	1.9630214983094452	1.749352074908332E-07
467.964014	1.9619307935165449	1.4461583587783513E-07
469.551855	1.961993951580098	4.981367730544784E-07
471.139697	1.961169603720179	5.496979694785705E-07
472.727441	1.9610062942726723	-2.1949189079180793E-08
474.315186	1.9603815532637647	-2.0723379400926817E-09
475.902881	1.9600847084857544	0
477.490527	1.9594318976599452	0
479.078174	1.959310744670333	1.707382912825994E-06
480.665771	1.958546957322326	0
482.25332	1.9585270872982428	0
483.84082	1.957449283800196	1.284688418519597E-06
485.428271	1.9578566057784752	1.6363463405685712E-10
487.015723	1.956490564742544	-2.2448579669384866E-09
488.603125	1.9571888507340698	0
490.19043	1.9552605640789114	0
491.777734	1.9564995278956436	5.182843837310976E-08
493.36499	1.9542203047806235	1.37380852285478E-07
494.952246	1.9557186254864272	1.2993070903596137E-07
496.539404	1.9534997285531512	2.1973420909849095E-08
498.126514	1.954813059435758	1.6216074734591137E-07
499.713623	1.9533432625527027	3.536852802898437E-06
501.300684	1.9538025277140847	3.319756000978429E-07
502.887646	1.953289242008742	1.2462394439985257E-07
504.474609	1.952541030510725	3.2775868491312446E-06
506.061523	1.9529953268432034	2.9533786865487796E-07
507.64834	1.951065656675374	2.2462592993052103E-08
509.235156	1.9524314027403253	4.980066768058608E-07
510.821924	1.9501993606187316	2.4421573719867824E-07
512.408643	1.9515359007577258	3.1480902383835792E-06
513.995264	1.9504987637318603	2.0423075210809286E-07
515.581885	1.9502543993560082	9.215353671396805E-08
517.168457	1.9505307219808594	5.713904309480552E-08
518.754932	1.9486656866192797	1.9515730245358314E-08
520.341406	1.9500543716861063	0
521.927783	1.948055192193476	0
523.51416	1.949040655816202	4.82045257733953E-08
525.100439	1.9486021326229634	1.8552233937003505E-07
526.68667	1.9474629006121214	2.4549718240373213E-07
528.272852	1.948481248007075	2.746814896133978E-07
529.858984	1.9463920001367312	3.8592110548337655E-07
531.445068	1.9475501639201718	4.621220521907327E-07
533.031055	1.9470383254559331	2.3133757286830286E-07
534.616992	1.9459667897303574	8.154294908639358E-08
536.202881	1.9469785197253484	5.053598946373537E-08
537.788721	1.9449485084655214	0
539.374512	1.9460079462400477	0
540.960254	1.9457959024566414	0
542.545898	1.9442833660876675	0
544.131494	1.9456014890420261	0
545.716992	1.9442238649340262	3.929726026297012E-08
547.30249	1.9442469627108356	1.1243127151967785E-07
548.887891	1.9447432447289643	2.7301504672235002E-08
550.473242	1.9426970786065059	2.7161192310808984E-07
552.058496	1.9439052289945034	4.368073709669024E-07
553.643701	1.9435943381537526	3.724322458808467E-07
555.228857	1.9420005079345446	2.5171117655930774E-06
556.813965	1.9433829755539522	3.7184169369064353E-07
558.398975	1.9423765372100696	2.553537377552069E-07
559.983936	1.9417458783397206	4.175430683179981E-07
561.568799	1.942671146034305	3.2637646608320874E-07
563.153613	1.941140662034972	5.343191403403291E-07
564.73833	1.9413832434476193	1.973266357836753E-06
566.322998	1.9418876369886966	1.1842650040551401E-07
567.907617	1.9400455975029038	0
569.492139	1.9408900464342393	0
571.076611	1.9410939993447465	0
572.660986	1.939091718572855	0
574.245313	1.9403181622432937	0
575.829541	1.9403267028233295	0
577.413672	1.9383167920991022	0
578.997803	1.9396621806733816	0
580.581787	1.9395900981082557	-3.4823645199551993E-07
582.165723	1.937632517444096	-2.2818980074614423E-07
583.749609	1.938976635870081	-1.1012281648913297E-08
585.333398	1.938925906228788	-5.25527938902695E-07
586.91709	1.9370452365576714	5.116308237194757E-08
588.500684	1.9382498892211981	1.1553881903642839E-07
590.084229	1.9383550605560804	1.5518531411111254E-07
591.667725	1.9365410554567244	1.6172444171967398E-07
593.251123	1.937516838605011	1.537056058489303E-09
594.834424	1.9378227214141481	1.2219118647609835E-06
596.417627	1.9361328124753825	1.733886505622402E-06
598.000781	1.936690204099411	3.426290938997439E-07
599.583838	1.937288691860625	7.278293175952872E-08
601.166797	1.9359821357413276	1.2805800308458445E-07
602.749707	1.935788811971271	-1.8509948865243616E-07
604.33252	1.9366926505062318	-2.794762553525442E-07
605.915234	1.9358307081830572	3.445742258988384E-08
607.497852	1.9346857916198144	-3.3267913710735913E-07
609.08042	1.9359113202850253	-2.245611423967198E-07
610.662891	1.9356136594552331	0
612.245264	1.933809080626104	0
613.827539	1.934986611767956	0
615.409717	1.9352753568764007	3.5207947563329287E-08
616.991846	1.933793199209489	1.4142461917935426E-09
618.573877	1.9339041376140353	1.492604238942833E-09
620.155762	1.9347465219352304	0
621.737598	1.9339914485909158	2.3751877773966747E-08
623.319385	1.932646124687961	0
624.901025	1.9339163125357641	0
626.482568	1.9339425925577298	0
628.064063	1.9324188125612936	0
629.64541	1.9327898466503786	0
631.226709	1.9335294352317134	0
632.807861	1.9327804008296063	0
634.388965	1.9313890834254053	0
635.969971	1.9326253963954614	0
637.55083	1.932791245925985	0
639.131641	1.9314810546916792	4.5759226170468834E-08
640.712354	1.9313221515669063	2.2581025029717454E-06
642.29292	1.9322470443182334	0
643.873438	1.9318951990053803	-4.3362746840026585E-09
645.453857	1.9303024348342908	2.0876132761916967E-07
647.034131	1.9311081848710103	2.7238961925141157E-07
648.614355	1.9317132340963223	4.110365973513106E-07
650.194434	1.9309622961915838	5.104240500906523E-07
651.774414	1.9295904518479348	5.089019737778766E-07
653.354346	1.9307503395405705	4.912080550303699E-07
654.934131	1.93109168757176	2.555536239990043E-08
656.513818	1.9301102150178797	1.9811213264096063E-07
658.093408	1.929211236316144	2.675390158524309E-06
659.6729	1.930323220435976	-5.651312092608647E-08
661.252246	1.9304758988108175	1.8682302479075027E-07
662.831543	1.9293470203421714	-1.4356974302764393E-07
664.410693	1.928754412340176	3.134386356937613E-08
665.989746	1.9298270894795082	2.597946786071098E-07
667.568701	1.9298965998027482	3.8007518104925485E-07
669.147559	1.9287200021689306	1.8334077844337362E-07
670.72627	1.928262448498997	1.9867189232649685E-06
672.304883	1.9292644126572214	2.494345896156175E-06
673.883447	1.9293187147042081	4.9007773570623725E-08
675.461816	1.9281835780380103	2.2486968662735652E-08
677.040137	1.927593348262837	0
678.618311	1.9286367138527718	0
680.196387	1.9287832759307264	0
681.774365	1.9277944027900644	0
683.352246	1.92692471941939	1.7723608989243065E-06
684.92998	1.927964765174058	0
686.507617	1.9282396369439807	2.2181244219704324E-10
688.085107	1.927479161660646	-1.4447663551275636E-08
689.662549	1.9261793533006835	5.042549834537979E-09
691.239795	1.9272399458043323	8.837744316478414E-08
692.816992	1.9277517483897413	9.990155193013801E-08
694.394043	1.9272345477140902	-1.0099732642585045E-08
695.970996	1.9258038196044374	-2.9722269948953417E-08
697.547852	1.926389473986683	-7.43500985963879E-08
699.124561	1.9271473129865726	0
700	1.927214534560551	0
700.701172	1.9269993309410316	0
702.277637	1.9259054400372495	6.079134786196138E-08
703.854004	1.9254178077135427	1.913548843730717E-06
705.430225	1.9264335030825153	-5.4277809784433685E-08
707.006396	1.9266919132328852	2.5357837698252504E-07
708.582373	1.9259840349607584	-2.7592248066473467E-07
710.158301	1.9246648849606964	1.6960950245225025E-07
711.734033	1.9255223902383838	6.626720283673846E-08
713.309717	1.9261381864305076	1.9360556534543807E-07
714.885254	1.9259538675876633	4.0468500609101983E-07
716.460645	1.924860715745937	5.30934029683285E-07
718.035938	1.924355678223088	3.9936597677419137E-07
719.611133	1.9253020948782253	4.622941472685513E-07
721.186182	1.9256663181594627	-5.016565860193935E-08
722.761084	1.9250847770516883	1.3357716710484775E-07
724.335937	1.9237283767555509	1.8705210897482654E-06
725.910596	1.9242111165169558	1.9867063779390903E-06
727.485156	1.9249777045018597	2.778218030832521E-07
729.059619	1.925060255640876	-1.7465127730026052E-07
730.633936	1.9242880788240118	1.2731527353117315E-07
732.208105	1.9230926686139231	1.3804122119788447E-07
733.782178	1.9239317004753536	9.966889765153827E-07
735.356152	1.9245670329077695	4.750076815492777E-07
736.92998	1.924461300606481	4.0353731757550916E-07
738.503662	1.9235857366411753	1.418599301367711E-07
740.077246	1.9226318076952083	7.849411191136737E-07
741.650684	1.9235404554031756	7.578703540724907E-07
743.224023	1.9240759987217153	1.2834008383464182E-06
744.797217	1.9239255157535877	2.037608449637587E-06
746.370264	1.9229972975693088	1.390555634017732E-06
747.943213	1.9221590072855825	1.4738137734486688E-06
749.516016	1.9230744177959087	1.6437394485187835E-06
751.088721	1.9236086131278403	1.984661727705624E-06
752.661279	1.9234086648981965	1.8640821611810267E-06
754.23374	1.9225676849371636	2.015769221072809E-06
755.806055	1.9216367085458885	1.7946668363600292E-06
757.378223	1.922695474966576	3.963086579654866E-06
758.950293	1.923103061427942	2.2327783650064783E-06
760.522217	1.9230327937810083	1.959117506017639E-06
762.093994	1.922335226141336	-1.4062524396540699E-06
763.665674	1.921126331849818	1.7310779323735642E-06
765.237256	1.9218865448165197	1.5042498223833843E-06
766.808643	1.9224971623181026	1.423208299785161E-06
768.379932	1.9226255992987127	1.390841570268081E-06
769.951123	1.9220109109604824	1.2795611612957033E-06
771.522119	1.9208367986272736	1.0466233219216744E-06
773.093018	1.9211162426254655	1.3617185336955106E-06
774.663818	1.9218842089613601	1.2854009376530096E-06
776.234473	1.922184798943533	6.038594611872051E-07
777.80498	1.9218046616212923	1.186329425884594E-06
779.375342	1.9208610208168566	1.0915635425713E-06
780.945605	1.9202074971823984	1.0035445870572315E-06
782.515723	1.921123402301462	1.1702980170200702E-06
784.085742	1.9216411054380782	1.0799290784541264E-06
785.655615	1.9215911967051014	1.1894352644744767E-06
787.225342	1.9209180394652663	1.271213745383622E-06
788.794971	1.9197572768834017	9.715964121212772E-07
790.364453	1.9201917010286642	8.525152627514936E-07
791.933789	1.9209286988282597	9.860748875915566E-07
793.503027	1.9212307823260732	8.653784641093944E-07
795.07207	1.920923115097902	7.383152745537865E-07
796.641064	1.9200761670405948	5.775954254883973E-07
798.209863	1.9192574643238554	6.721231973881354E-07
799.778564	1.9199851742027099	4.2454769905542035E-07
801.347168	1.9206086406780019	3.554866260516078E-07
802.915625	1.9207530684418834	2.2892422293537632E-07
804.483936	1.9203140408156913	2.98947701627431E-07
806.0521	1.9193286597103483	1.820950525782393E-07
807.620166	1.918932396914959	1.6151031954628573E-07
809.188086	1.9196569678454003	4.081758757122531E-07
810.755859	1.9202227672810757	3.630260515451338E-07
812.323535	1.9202655916882962	-1.8542321097762806E-07
813.891064	1.9197796452672629	2.2849037306626314E-06
815.458496	1.9187358681098496	7.538922187318477E-07
817.025781	1.9185296270842902	-1.0105220254518475E-07
818.59292	1.919237629220724	2.611789821485647E-07
820.159961	1.9197753124640888	1.9319505716536193E-07
821.726855	1.9198038218036106	1.599527691890103E-07
823.293555	1.9193473771624725	4.164146417714844E-07
824.860254	1.9183157147397347	3.3381595788462904E-07
826.426758	1.9180515853791213	2.841386640909369E-07
827.993066	1.9187101082635059	4.884505961066715E-07
829.559375	1.919280024877481	1.4613093349402826E-07
831.125488	1.91938937559442	-3.627914641200443E-08
832.691504	1.919014111439261	1.098935642548749E-08
834.257324	1.9180947481929642	5.669669746943117E-09
835.823145	1.9175406498616074	-1.1294678876392116E-09
837.38877	1.9180651725578357	0
838.954199	1.918750779878221	0
840.519531	1.9189767505752582	0
842.084863	1.91874690460321	0
843.649902	1.9180341625529558	0
845.214941	1.917150967562506	0
846.779785	1.9173322404894306	0
848.344531	1.9181301672976825	0
849.90918	1.9185150151932184	0
851.473633	1.9184805909071931	0
853.037988	1.9180329536235907	0
854.602246	1.9170235357535708	0
856.166406	1.9166176513170385	0
857.730371	1.9173400889996688	0
859.294238	1.9179286159288116	0
860.858008	1.918144777819694	0
862.421582	1.91793792079934	0
863.985156	1.9172954892729115	0
865.548535	1.916428601246349	0
867.111816	1.916323023882164	0
868.675	1.917148041268534	0
870.237988	1.9176009948223494	0
871.800879	1.917715656787143	0
873.363672	1.9174114542245955	0
874.926367	1.9166960136076174	0
876.488965	1.9158871490761844	1.661934843117053E-09
878.051367	1.9160820803061611	-6.460197915642569E-09
879.613672	1.9167945938244566	1.8478817775075388E-08
881.175879	1.9172047279028692	1.173393314120841E-07
882.737988	1.9172908075529804	1.0930666289727017E-08
884.3	1.9169639950756903	-5.373708468676429E-08
885.861914	1.9162837920294276	1.1887262475973223E-07
887.423633	1.9154020767949855	2.159270388492651E-06
888.985254	1.9157014868978424	-1.7922637175120916E-08
890.546777	1.916361129325038	-4.804990554957443E-09
892.108203	1.9167812450946535	0
893.669531	1.9168974589516143	0
895.230762	1.9166243300416	0
896.791797	1.916053525199284	0
898.352832	1.9151173899318006	0
899.913672	1.915165158211458	0
901.474414	1.9158092613376014	4.305631581437925E-09
903.035059	1.9163031977597826	-2.3978985798614262E-08
904.595605	1.9165208366949413	1.8389173232009253E-07
906.156055	1.916365474118061	7.291822880552103E-08
907.716406	1.9158938687177478	-1.600484067340209E-08
909.27666	1.9150624412622266	0
910.836816	1.914621591003587	0
912.396777	1.9150826958339529	8.502857078174562E-09
913.956738	1.9157144070692982	-4.1031090325509277E-08
915.516602	1.9160425428139167	1.9128202691191267E-07
917.07627	1.9160656530405913	1.9061691830977965E-07
918.635938	1.9157525900194177	-3.08889813315521E-08
920.195508	1.9151294430189778	-1.8551569109015267E-09
921.754883	1.9143548374393053	6.860702852046717E-09
923.314258	1.9142620418539433	2.9469867425148378E-08
924.873437	1.9149649163800622	-3.051894048065088E-08
926.432617	1.9154451070934768	1.3888096618427852E-07
927.991699	1.9156678952157566	3.655435071946638E-07
929.550684	1.9155907859547894	1.5362971351717492E-07
931.109473	1.9152118728406686	4.0989303820753105E-07
932.668262	1.9145141105362138	-1.7534171934025307E-08
934.226953	1.91376109214374	1.1348037138875104E-07
935.785547	1.9140618494246529	1.0508048734818468E-07
937.344043	1.914684714942827	1.0690508667098976E-07
938.902539	1.9151085464808468	1.0199619479481044E-07
940.46084	1.9153049569747624	1.0290426698744482E-07
942.019141	1.9151906196253219	1.0238334099167376E-07
943.577246	1.9147814765157039	9.541422078773504E-08
945.135352	1.9141525389350733	9.267115622316461E-08
946.693359	1.9134363922838113	8.561977198767723E-08
948.25127	1.9136705456705354	9.702724310182063E-08
949.809082	1.9142761132725092	6.610871990968882E-08
951.366895	1.9147160840028778	-2.057487062998543E-07
952.924609	1.9149267484431336	1.5298629343999126E-06
954.482227	1.914846908025751	8.539734606038181E-07
956.039746	1.9144994213518347	1.059348995520098E-06
957.597168	1.913901822400079	1.323135575081045E-06
959.15459	1.9131841246718633	-1.2470148323627474E-07
960.711914	1.913109556211996	7.474034590175908E-08
962.269141	1.913753669643638	7.162241783368484E-08
963.826367	1.914223272107664	6.799134052095879E-08
965.383398	1.914489081627918	7.073601528443375E-08
966.940527	1.9145118046081917	5.1627101549933956E-08
968.497461	1.9142494629274196	4.238866508072816E-09
970.054395	1.9137527456701626	5.67686249511422E-08
971.61123	1.913077626961762	4.3610383125258743E-13
973.168066	1.9126243762496355	4.8563176322894094E-08
974.724707	1.9130975092869134	5.179155939781053E-08
976.281445	1.9136398576170284	4.633864072838124E-08
977.838086	1.9140104132899791	1.1177671609564707E-09
979.394629	1.914175880302316	4.0663325702894957E-07
980.951074	1.9140753081178656	1.9672357339830302E-07
982.50752	1.9137293045392914	4.6901587403527185E-09
984.063965	1.9131951153589808	9.630769493991062E-08
985.620313	1.9124800977690288	-2.034579196293881E-07
987.176563	1.9123446784912348	9.953239332656462E-07
988.732812	1.9128999376206897	1.545836206245646E-06
